30395	0	4	69
30395	15	12	35
30395	37	6	30
30395	59	12	64
51973	0	4	93
51973	15	0	49
51973	37	0	45
51973	59	5	80
61790	0	16	53
61790	15	25	50
61790	37	6	21
61790	59	27	73
64737	0	23	54
64737	15	12	32
64737	37	13	33
64737	59	18	65
64889	0	1	62
64889	15	0	31
64889	37	6	44
64889	59	2	61
65907	0	3	76
65907	15	1	39
65907	37	5	50
65907	59	3	75
66130	0	1	52
66130	15	1	29
66130	37	4	44
66130	59	3	97
66238	0	3	53
66238	15	1	28
66238	37	0	34
66238	59	0	100
66261	0	6	54
66261	15	4	21
66261	37	0	33
66261	59	0	94
66483	0	29	90
66483	15	17	31
66483	37	18	33
66483	59	43	82
68193	0	14	72
68193	15	18	42
68193	37	17	37
68193	59	38	100
68752	0	1	89
68752	15	1	50
68752	37	1	44
68752	59	0	85
69080	0	13	125
69080	15	6	34
69080	37	4	47
69080	59	3	85
69351	0	21	108
69351	15	14	44
69351	37	28	50
69351	59	42	86
71773	0	4	64
71773	15	6	50
71773	37	4	32
71773	59	19	109
71913	0	27	95
71913	15	16	39
71913	37	26	49
71913	59	47	99
72039	0	11	64
72039	15	5	45
72039	37	6	22
72039	59	27	70
72246	0	13	83
72246	15	7	55
72246	37	10	50
72246	59	14	76
72537	0	4	85
72537	15	7	69
72537	37	5	41
72537	59	4	70
72606	0	5	82
72606	15	0	81
72606	37	0	34
72606	59	0	79
81454	0	30	95
81454	15	26	39
81454	37	22	40
81454	59	28	81
81474	0	3	77
81474	15	1	22
81474	37	1	34
81474	59	3	99
82079	0	36	95
82079	15	36	60
82079	37	20	42
82079	59	53	99
82171	0	9	88
82171	15	8	49
82171	37	4	33
82171	59	2	82
82263	0	29	87
82263	15	36	61
82263	37	25	45
82263	59	50	91
82302	0	30	110
82302	15	5	54
82302	37	5	49
82302	59	13	83
83130	0	5	82
83130	15	6	21
83130	37	12	50
83130	59	20	110
83433	0	4	96
83433	15	0	27
83433	37	0	49
83433	59	0	89
84061	0	3	73
84061	15	2	39
84061	37	3	43
84061	59	2	95
84062	0	2	73
84062	15	2	42
84062	37	1	40
84062	59	2	93
84063	0	2	77
84063	15	1	36
84063	37	1	41
84063	59	0	89
84206	0	21	66
84206	15	11	24
84206	37	21	35
84206	59	57	85
84207	0	1	66
84207	15	0	28
84207	37	0	35
84207	59	0	91
84534	0	6	55
84534	15	0	21
84534	37	2	32
84534	59	0	82
85155	0	24	85
85155	15	38	73
85155	37	19	43
85155	59	46	77
85201	0	5	80
85201	15	12	78
85201	37	5	44
85201	59	5	74
85304	0	6	83
85304	15	0	55
85304	37	0	29
85304	59	0	61
85521	0	24	94
85521	15	23	48
85521	37	21	47
85521	59	39	76
85538	0	40	86
85538	15	29	47
85538	37	26	46
85538	59	34	68
86637	0	3	69
86637	15	2	29
86637	37	1	25
86637	59	4	97
86720	0	29	95
86720	15	16	25
86720	37	19	49
86720	59	37	81
87965	0	40	113
87965	15	32	69
87965	37	21	49
87965	59	44	84
88376	0	1	65
88376	15	0	19
88376	37	0	36
88376	59	0	79
88580	0	3	68
88580	15	0	24
88580	37	1	38
88580	59	1	93
89381	0	10	71
89381	15	8	70
89381	37	2	26
89381	59	4	95
89474	0	7	120
89474	15	3	62
89474	37	4	46
89474	59	5	80
89480	0	4	126
89480	15	0	52
89480	37	0	48
89480	59	0	75
89481	0	3	125
89481	15	1	58
89481	37	0	46
89481	59	0	80
89877	0	21	78
89877	15	17	35
89877	37	14	28
89877	59	44	101
91430	0	20	65
91430	15	22	39
91430	37	22	38
91430	59	34	57
92082	0	19	51
92082	15	7	16
92082	37	25	39
92082	59	55	115
93547	0	6	90
93547	15	2	31
93547	37	7	45
93547	59	8	68
96813	0	7	109
96813	15	4	41
96813	37	3	51
96813	59	0	83
103266	0	13	58
103266	15	9	25
103266	37	7	38
103266	59	25	78
103498	0	5	80
103498	15	1	48
103498	37	0	42
103498	59	1	77
104162	0	3	51
104162	15	2	28
104162	37	0	21
104162	59	3	91
104163	0	3	49
104163	15	2	27
104163	37	0	21
104163	59	2	89
104931	0	6	65
104931	15	5	36
104931	37	2	40
104931	59	0	88
105001	0	10	86
105001	15	2	26
105001	37	3	41
105001	59	1	82
106307	0	12	104
106307	15	12	35
106307	37	10	44
106307	59	19	77
106308	0	12	104
106308	15	12	33
106308	37	10	44
106308	59	19	79
106577	0	12	94
106577	15	3	37
106577	37	1	38
106577	59	9	76
106767	0	3	83
106767	15	5	44
106767	37	1	33
106767	59	4	82
106890	0	10	65
106890	15	6	20
106890	37	8	26
106890	59	15	95
107463	0	29	75
107463	15	20	40
107463	37	22	34
107463	59	61	111
107504	0	1	80
107504	15	3	57
107504	37	1	39
107504	59	0	114
108297	0	1	91
108297	15	0	19
108297	37	2	51
108297	59	1	82
108441	0	11	107
108441	15	1	25
108441	37	1	53
108441	59	0	81
108793	0	7	81
108793	15	0	20
108793	37	0	37
108793	59	1	81
110688	0	7	61
110688	15	6	29
110688	37	13	46
110688	59	13	72
110829	0	2	86
110829	15	2	28
110829	37	4	42
110829	59	4	83
110830	0	2	84
110830	15	1	30
110830	37	3	40
110830	59	1	83
111480	0	6	67
111480	15	5	24
111480	37	7	40
111480	59	29	107
114043	0	21	83
114043	15	5	34
114043	37	4	39
114043	59	8	99
115184	0	3	78
115184	15	1	29
115184	37	2	41
115184	59	0	101
115202	0	10	78
115202	15	8	33
115202	37	6	45
115202	59	22	107
117496	0	2	88
117496	15	1	26
117496	37	1	42
117496	59	4	101
117791	0	12	96
117791	15	9	26
117791	37	7	43
117791	59	12	54
117797	0	11	95
117797	15	10	28
117797	37	8	42
117797	59	11	57
117982	0	2	59
117982	15	1	31
117982	37	0	34
117982	59	1	51
118038	0	5	48
118038	15	1	18
118038	37	3	32
118038	59	2	41
118590	0	18	52
118590	15	9	28
118590	37	6	17
118590	59	29	69
118689	0	10	35
118689	15	12	25
118689	37	10	18
118689	59	25	57
120017	0	6	69
120017	15	3	28
120017	37	6	43
120017	59	28	78
120227	0	14	83
120227	15	5	28
120227	37	3	42
120227	59	31	112
120296	0	12	80
120296	15	9	27
120296	37	7	40
120296	59	18	75
122068	0	8	83
122068	15	7	66
122068	37	1	50
122068	59	2	68
122592	0	8	95
122592	15	5	31
122592	37	5	40
122592	59	14	88
122802	0	9	73
122802	15	1	28
122802	37	2	39
122802	59	0	102
125764	0	6	87
125764	15	0	17
125764	37	0	37
125764	59	7	101
125765	0	6	92
125765	15	0	18
125765	37	0	35
125765	59	7	102
126672	0	5	79
126672	15	1	23
126672	37	0	44
126672	59	5	85
127395	0	7	63
127395	15	2	32
127395	37	2	27
127395	59	1	95
128101	0	4	41
128101	15	1	27
128101	37	2	21
128101	59	7	61
128551	0	13	84
128551	15	12	50
128551	37	6	26
128551	59	18	85
128830	0	6	103
128830	15	0	54
128830	37	1	51
128830	59	2	89
129929	0	2	82
129929	15	0	33
129929	37	0	37
129929	59	0	83
132000	0	1	63
132000	15	0	21
132000	37	0	26
132000	59	0	101
132012	0	1	69
132012	15	0	24
132012	37	0	26
132012	59	0	107
134742	0	5	67
134742	15	9	48
134742	37	6	39
134742	59	27	65
137725	0	2	101
137725	15	0	54
137725	37	0	37
137725	59	5	91
141452	0	5	97
141452	15	10	50
141452	37	8	61
141452	59	2	93
141609	0	3	65
141609	15	1	23
141609	37	2	34
141609	59	0	82
141613	0	5	64
141613	15	2	26
141613	37	0	33
141613	59	2	79
148128	0	3	67
148128	15	0	22
148128	37	0	54
148128	59	0	94
156112	0	24	74
156112	15	9	25
156112	37	10	33
156112	59	50	101
158348	0	4	123
158348	15	3	30
158348	37	3	58
158348	59	0	94
158825	0	4	108
158825	15	4	63
158825	37	6	40
158825	59	19	80
159071	0	10	45
159071	15	5	23
159071	37	2	24
159071	59	13	97
161043	0	8	82
161043	15	3	48
161043	37	3	46
161043	59	1	90
166065	0	4	74
166065	15	3	41
166065	37	2	35
166065	59	2	58
168905	0	13	79
168905	15	5	30
168905	37	3	39
168905	59	16	97
169738	0	13	68
169738	15	7	22
169738	37	8	35
169738	59	14	90
169766	0	4	64
169766	15	3	20
169766	37	10	36
169766	59	34	79
170633	0	2	87
170633	15	0	20
170633	37	0	42
170633	59	0	69
170744	0	5	90
170744	15	0	18
170744	37	1	47
170744	59	2	101
171088	0	12	86
171088	15	7	48
171088	37	15	50
171088	59	25	75
172219	0	2	68
172219	15	0	32
172219	37	0	45
172219	59	0	90
172346	0	2	80
172346	15	0	34
172346	37	0	62
172346	59	0	104
172410	0	4	93
172410	15	0	34
172410	37	0	44
172410	59	1	90
172505	0	1	67
172505	15	0	44
172505	37	1	30
172505	59	0	81
172622	0	4	116
172622	15	7	31
172622	37	15	53
172622	59	32	97
172686	0	1	100
172686	15	1	37
172686	37	3	50
172686	59	8	89
172727	0	20	103
172727	15	9	45
172727	37	8	40
172727	59	6	89
172772	0	16	107
172772	15	11	44
172772	37	8	34
172772	59	6	107
173601	0	1	111
173601	15	4	53
173601	37	5	56
173601	59	8	105
175318	0	20	99
175318	15	18	40
175318	37	11	52
175318	59	23	98
175465	0	3	63
175465	15	2	46
175465	37	1	30
175465	59	1	91
175656	0	18	58
175656	15	4	32
175656	37	1	28
175656	59	8	71
176317	0	4	77
176317	15	3	32
176317	37	4	36
176317	59	0	95
177632	0	9	87
177632	15	0	30
177632	37	0	42
177632	59	4	110
180780	0	6	89
180780	15	17	44
180780	37	4	43
180780	59	12	55
181744	0	19	93
181744	15	17	42
181744	37	10	47
181744	59	36	90
183279	0	3	89
183279	15	0	46
183279	37	0	56
183279	59	0	80
184207	0	4	116
184207	15	2	53
184207	37	4	45
184207	59	2	80
184479	0	34	114
184479	15	11	26
184479	37	18	43
184479	59	50	85
185478	0	34	97
185478	15	22	43
185478	37	18	32
185478	59	43	88
185587	0	1	116
185587	15	1	59
185587	37	0	42
185587	59	2	86
185827	0	23	112
185827	15	12	39
185827	37	9	33
185827	59	13	56
186336	0	5	60
186336	15	14	47
186336	37	14	45
186336	59	19	83
186346	0	3	66
186346	15	1	49
186346	37	1	50
186346	59	2	88
186535	0	34	111
186535	15	42	64
186535	37	16	38
186535	59	45	89
186729	0	10	105
186729	15	1	41
186729	37	1	53
186729	59	0	84
188757	0	9	119
188757	15	1	74
188757	37	3	54
188757	59	1	75
190187	0	25	91
190187	15	8	47
190187	37	3	41
190187	59	5	66
190519	0	20	90
190519	15	25	60
190519	37	12	38
190519	59	23	100
190753	0	5	91
190753	15	4	62
190753	37	1	43
190753	59	0	84
193698	0	6	105
193698	15	5	65
193698	37	11	50
193698	59	23	66
194156	0	3	112
194156	15	3	77
194156	37	4	46
194156	59	3	115
195726	0	5	91
195726	15	2	53
195726	37	2	41
195726	59	3	77
196338	0	4	70
196338	15	6	40
196338	37	6	41
196338	59	9	62
196612	0	16	66
196612	15	5	26
196612	37	19	45
196612	59	55	97
196662	0	3	68
196662	15	6	37
196662	37	3	40
196662	59	2	102
197500	0	17	70
197500	15	16	27
197500	37	26	44
197500	59	42	72
197797	0	28	78
197797	15	14	23
197797	37	25	42
197797	59	34	83
198297	0	45	101
198297	15	16	51
198297	37	15	37
198297	59	26	69
198310	0	29	105
198310	15	9	54
198310	37	3	40
198310	59	2	63
199010	0	3	57
199010	15	0	56
199010	37	0	38
199010	59	0	88
200785	0	8	91
200785	15	10	53
200785	37	10	55
200785	59	33	97
204571	0	3	35
204571	15	1	25
204571	37	0	17
204571	59	0	46
204799	0	3	52
204799	15	2	21
204799	37	0	19
204799	59	0	72
206288	0	13	82
206288	15	1	35
206288	37	2	38
206288	59	0	69
206300	0	15	84
206300	15	8	35
206300	37	5	43
206300	59	8	63
208379	0	2	37
208379	15	1	18
208379	37	2	32
208379	59	2	71
209520	0	7	97
209520	15	13	60
209520	37	10	38
209520	59	30	88
210171	0	10	57
210171	15	9	17
210171	37	13	23
210171	59	27	55
210618	0	3	62
210618	15	3	28
210618	37	1	30
210618	59	10	78
210784	0	6	75
210784	15	2	15
210784	37	5	27
210784	59	9	64
210790	0	6	76
210790	15	4	20
210790	37	5	30
210790	59	11	65
210793	0	6	74
210793	15	4	21
210793	37	5	30
210793	59	11	67
211998	0	27	81
211998	15	17	35
211998	37	26	47
211998	59	70	99
213675	0	28	80
213675	15	17	24
213675	37	22	39
213675	59	44	105
213682	0	30	85
213682	15	17	25
213682	37	27	46
213682	59	44	106
213705	0	34	86
213705	15	8	31
213705	37	20	50
213705	59	46	101
213979	0	11	115
213979	15	2	36
213979	37	5	58
213979	59	5	89
214268	0	5	108
214268	15	7	52
214268	37	5	46
214268	59	0	89
214269	0	4	98
214269	15	9	51
214269	37	5	43
214269	59	0	84
214398	0	21	67
214398	15	19	40
214398	37	24	40
214398	59	48	88
214500	0	9	80
214500	15	2	23
214500	37	4	44
214500	59	15	81
214593	0	22	78
214593	15	5	16
214593	37	7	50
214593	59	2	85
214743	0	4	89
214743	15	3	29
214743	37	0	51
214743	59	0	82
214914	0	29	88
214914	15	13	27
214914	37	31	49
214914	59	41	75
215349	0	18	91
215349	15	15	39
215349	37	14	49
215349	59	18	85
215683	0	6	93
215683	15	3	49
215683	37	2	46
215683	59	3	102
215855	0	19	105
215855	15	34	75
215855	37	16	44
215855	59	24	77
216261	0	4	88
216261	15	1	36
216261	37	0	45
216261	59	4	103
219385	0	3	114
219385	15	0	52
219385	37	0	44
219385	59	0	84
220106	0	7	84
220106	15	2	48
220106	37	4	47
220106	59	15	96
220155	0	1	73
220155	15	0	68
220155	37	0	29
220155	59	0	97
221153	0	5	78
221153	15	3	49
221153	37	0	39
221153	59	6	83
224166	0	26	100
224166	15	37	59
224166	37	21	34
224166	59	32	55
224465	0	29	106
224465	15	8	32
224465	37	1	41
224465	59	5	70
224978	0	2	109
224978	15	0	49
224978	37	0	47
224978	59	0	89
225130	0	11	101
225130	15	12	43
225130	37	15	61
225130	59	21	84
231442	0	15	92
231442	15	5	34
231442	37	7	46
231442	59	19	71
233053	0	10	88
233053	15	4	39
233053	37	14	47
233053	59	18	79
233075	0	9	82
233075	15	0	38
233075	37	1	41
233075	59	0	74
235226	0	6	118
235226	15	0	33
235226	37	0	49
235226	59	0	76
236740	0	10	47
236740	15	1	17
236740	37	1	19
236740	59	0	59
236939	0	6	78
236939	15	0	43
236939	37	0	28
236939	59	0	61
237756	0	14	74
237756	15	17	47
237756	37	27	49
237756	59	41	70
239695	0	4	84
239695	15	3	49
239695	37	2	40
239695	59	3	62
239697	0	2	86
239697	15	1	56
239697	37	2	42
239697	59	3	63
241092	0	12	127
241092	15	3	50
241092	37	10	55
241092	59	19	106
241162	0	17	101
241162	15	8	28
241162	37	5	40
241162	59	19	84
243968	0	7	78
243968	15	1	44
243968	37	0	31
243968	59	3	112
244015	0	3	76
244015	15	1	33
244015	37	2	40
244015	59	0	99
244016	0	2	71
244016	15	1	33
244016	37	4	43
244016	59	0	97
244628	0	4	112
244628	15	3	63
244628	37	0	36
244628	59	0	73
248391	0	14	88
248391	15	13	39
248391	37	15	45
248391	59	26	94
250310	0	6	59
250310	15	0	23
250310	37	2	18
250310	59	1	60
251502	0	1	92
251502	15	6	29
251502	37	3	51
251502	59	1	80
251794	0	4	113
251794	15	3	39
251794	37	2	41
251794	59	11	79
255008	0	1	93
255008	15	1	30
255008	37	3	43
255008	59	0	67
255475	0	11	80
255475	15	19	49
255475	37	21	60
255475	59	16	62
255506	0	9	71
255506	15	5	49
255506	37	4	61
255506	59	6	73
255510	0	9	71
255510	15	5	51
255510	37	3	61
255510	59	1	76
255820	0	6	76
255820	15	1	30
255820	37	2	50
255820	59	1	89
256988	0	35	87
256988	15	16	28
256988	37	23	39
256988	59	54	98
257041	0	3	96
257041	15	4	28
257041	37	2	44
257041	59	2	96
257300	0	2	83
257300	15	9	58
257300	37	4	46
257300	59	0	73
257347	0	14	91
257347	15	9	46
257347	37	8	41
257347	59	11	74
259620	0	18	104
259620	15	15	33
259620	37	14	32
259620	59	20	67
259647	0	10	92
259647	15	1	35
259647	37	0	36
259647	59	4	85
260253	0	2	84
260253	15	0	33
260253	37	1	37
260253	59	3	92
261058	0	4	97
261058	15	4	44
261058	37	0	38
261058	59	1	91
262097	0	5	77
262097	15	3	42
262097	37	3	32
262097	59	18	84
262858	0	1	89
262858	15	1	26
262858	37	7	42
262858	59	6	93
264140	0	7	65
264140	15	2	47
264140	37	1	44
264140	59	2	78
264844	0	12	84
264844	15	8	34
264844	37	9	32
264844	59	15	86
264849	0	30	83
264849	15	28	33
264849	37	27	33
264849	59	60	83
265933	0	26	105
265933	15	17	63
265933	37	18	50
265933	59	35	70
266031	0	1	89
266031	15	1	45
266031	37	0	49
266031	59	0	88
266373	0	3	90
266373	15	10	55
266373	37	6	49
266373	59	10	80
266994	0	4	87
266994	15	2	43
266994	37	4	42
266994	59	0	80
269028	0	7	120
269028	15	8	60
269028	37	7	42
269028	59	19	80
272190	0	12	76
272190	15	6	35
272190	37	2	50
272190	59	10	71
272836	0	6	81
272836	15	0	48
272836	37	0	44
272836	59	0	94
273021	0	20	96
273021	15	10	59
273021	37	3	37
273021	59	8	66
273050	0	1	81
273050	15	2	51
273050	37	2	34
273050	59	2	66
273051	0	2	80
273051	15	3	50
273051	37	2	33
273051	59	2	68
273997	0	1	108
273997	15	6	52
273997	37	2	39
273997	59	0	76
274377	0	2	83
274377	15	2	22
274377	37	5	35
274377	59	10	98
277426	0	53	125
277426	15	27	65
277426	37	38	60
277426	59	32	66
277876	0	18	93
277876	15	10	68
277876	37	6	45
277876	59	5	88
278083	0	4	87
278083	15	5	49
278083	37	1	45
278083	59	7	70
278139	0	3	67
278139	15	5	33
278139	37	2	33
278139	59	4	66
278143	0	3	67
278143	15	6	30
278143	37	2	34
278143	59	3	71
278378	0	3	96
278378	15	1	43
278378	37	2	47
278378	59	9	104
278622	0	5	89
278622	15	2	42
278622	37	2	34
278622	59	2	84
280200	0	36	95
280200	15	17	42
280200	37	21	34
280200	59	61	91
280732	0	6	65
280732	15	8	30
280732	37	14	45
280732	59	33	108
281724	0	4	89
281724	15	11	63
281724	37	4	52
281724	59	1	88
281725	0	4	92
281725	15	11	63
281725	37	3	47
281725	59	1	90
282765	0	27	102
282765	15	11	41
282765	37	16	48
282765	59	25	79
282799	0	16	79
282799	15	14	48
282799	37	8	36
282799	59	22	67
282969	0	7	97
282969	15	0	39
282969	37	0	31
282969	59	0	78
283368	0	8	100
283368	15	0	44
283368	37	1	54
283368	59	0	94
284382	0	3	70
284382	15	1	31
284382	37	2	42
284382	59	8	104
285539	0	11	92
285539	15	6	27
285539	37	14	35
285539	59	50	114
286811	0	5	71
286811	15	2	25
286811	37	2	28
286811	59	3	83
286964	0	12	96
286964	15	2	28
286964	37	2	36
286964	59	7	91
289326	0	3	88
289326	15	0	19
289326	37	2	44
289326	59	4	112
292389	0	2	89
292389	15	0	43
292389	37	3	37
292389	59	1	85
292616	0	1	109
292616	15	9	64
292616	37	3	47
292616	59	1	76
292925	0	37	98
292925	15	23	41
292925	37	29	44
292925	59	41	75
294841	0	38	98
294841	15	8	22
294841	37	27	61
294841	59	26	92
295576	0	21	89
295576	15	26	40
295576	37	13	37
295576	59	56	103
297120	0	2	71
297120	15	1	43
297120	37	0	37
297120	59	0	78
297252	0	14	79
297252	15	19	68
297252	37	13	45
297252	59	20	86
297263	0	6	78
297263	15	9	66
297263	37	4	46
297263	59	3	90
298781	0	3	56
298781	15	4	31
298781	37	4	43
298781	59	2	71
299076	0	9	71
299076	15	10	20
299076	37	13	45
299076	59	27	83
299218	0	2	82
299218	15	3	19
299218	37	6	39
299218	59	17	101
301383	0	11	105
301383	15	2	26
301383	37	7	26
301383	59	25	86
302986	0	20	78
302986	15	16	28
302986	37	14	35
302986	59	39	69
310411	0	12	44
310411	15	21	37
310411	37	17	25
310411	59	50	82
311635	0	2	63
311635	15	4	26
311635	37	6	46
311635	59	9	95
313408	0	3	70
313408	15	2	30
313408	37	2	42
313408	59	0	61
313601	0	18	71
313601	15	5	25
313601	37	2	31
313601	59	18	87
316377	0	33	117
316377	15	29	57
316377	37	31	59
316377	59	40	77
316403	0	2	99
316403	15	0	52
316403	37	1	48
316403	59	3	95
316404	0	2	100
316404	15	0	54
316404	37	0	47
316404	59	1	94
318350	0	46	112
318350	15	8	32
318350	37	25	44
318350	59	44	99
320272	0	6	64
320272	15	7	31
320272	37	3	37
320272	59	27	100
320309	0	1	66
320309	15	0	30
320309	37	2	32
320309	59	0	106
320536	0	22	89
320536	15	21	45
320536	37	12	52
320536	59	24	82
321598	0	6	66
321598	15	12	48
321598	37	11	42
321598	59	20	101
321711	0	14	61
321711	15	6	45
321711	37	6	30
321711	59	19	78
321911	0	21	76
321911	15	23	57
321911	37	14	37
321911	59	51	70
324628	0	42	93
324628	15	16	31
324628	37	26	42
324628	59	47	80
326847	0	40	116
326847	15	22	39
326847	37	28	53
326847	59	49	93
327258	0	18	96
327258	15	10	31
327258	37	18	31
327258	59	39	75
328647	0	18	87
328647	15	8	42
328647	37	7	59
328647	59	15	97
328651	0	1	87
328651	15	0	45
328651	37	0	58
328651	59	3	93
329244	0	11	112
329244	15	5	54
329244	37	7	53
329244	59	26	89
329778	0	31	87
329778	15	31	42
329778	37	23	44
329778	59	46	89
330809	0	6	113
330809	15	2	53
330809	37	7	44
330809	59	14	81
331427	0	4	63
331427	15	0	28
331427	37	0	39
331427	59	0	91
332448	0	24	94
332448	15	32	62
332448	37	14	39
332448	59	48	98
332601	0	17	83
332601	15	14	53
332601	37	2	53
332601	59	12	84
332700	0	27	85
332700	15	25	50
332700	37	24	42
332700	59	39	90
332704	0	3	85
332704	15	1	46
332704	37	3	40
332704	59	0	90
332816	0	10	71
332816	15	7	33
332816	37	9	41
332816	59	28	79
333534	0	10	125
333534	15	6	73
333534	37	5	41
333534	59	11	98
334215	0	6	62
334215	15	5	64
334215	37	5	31
334215	59	16	85
334497	0	7	96
334497	15	0	69
334497	37	2	46
334497	59	1	85
334759	0	5	57
334759	15	1	30
334759	37	0	21
334759	59	2	58
336066	0	6	108
336066	15	0	34
336066	37	0	57
336066	59	2	96
336168	0	14	111
336168	15	7	35
336168	37	7	45
336168	59	15	75
336215	0	39	114
336215	15	16	29
336215	37	27	52
336215	59	44	78
336731	0	8	56
336731	15	10	20
336731	37	13	32
336731	59	21	50
336806	0	3	67
336806	15	2	38
336806	37	2	25
336806	59	0	37
336807	0	3	61
336807	15	1	41
336807	37	1	22
336807	59	0	36
336808	0	6	59
336808	15	2	37
336808	37	1	18
336808	59	1	42
337153	0	25	85
337153	15	19	27
337153	37	20	33
337153	59	40	90
337198	0	32	81
337198	15	20	32
337198	37	11	30
337198	59	50	100
337852	0	4	81
337852	15	7	48
337852	37	1	33
337852	59	0	71
337853	0	4	83
337853	15	7	43
337853	37	1	33
337853	59	0	73
338481	0	16	110
338481	15	8	39
338481	37	7	39
338481	59	16	74
338499	0	10	98
338499	15	11	40
338499	37	7	44
338499	59	14	64
339947	0	21	82
339947	15	8	60
339947	37	3	34
339947	59	14	74
349022	0	31	65
349022	15	8	34
349022	37	10	30
349022	59	15	83
352771	0	2	81
352771	15	0	21
352771	37	1	49
352771	59	2	87
352772	0	2	80
352772	15	0	22
352772	37	1	50
352772	59	3	86
353646	0	2	68
353646	15	2	18
353646	37	1	18
353646	59	3	76
353739	0	37	84
353739	15	26	54
353739	37	8	32
353739	59	52	81
356533	0	27	65
356533	15	21	35
356533	37	14	31
356533	59	23	47
357042	0	1	81
357042	15	0	29
357042	37	3	49
357042	59	3	74
357271	0	26	82
357271	15	23	40
357271	37	39	57
357271	59	60	85
357272	0	28	84
357272	15	23	40
357272	37	38	55
357272	59	61	86
357706	0	1	83
357706	15	0	33
357706	37	1	38
357706	59	3	53
357991	0	31	80
357991	15	16	34
357991	37	31	47
357991	59	49	78
358783	0	2	83
358783	15	1	40
358783	37	2	41
358783	59	1	94
358827	0	5	67
358827	15	3	22
358827	37	1	43
358827	59	3	111
358925	0	23	60
358925	15	17	21
358925	37	25	40
358925	59	40	75
358993	0	11	61
358993	15	6	35
358993	37	9	53
358993	59	16	80
359200	0	4	62
359200	15	1	22
359200	37	0	33
359200	59	0	97
359276	0	16	61
359276	15	7	17
359276	37	35	48
359276	59	58	99
360403	0	32	82
360403	15	16	23
360403	37	17	29
360403	59	64	79
360447	0	17	85
360447	15	7	34
360447	37	4	44
360447	59	20	71
360657	0	17	62
360657	15	18	32
360657	37	25	46
360657	59	43	83
361336	0	30	90
361336	15	12	23
361336	37	25	39
361336	59	52	86
361373	0	10	90
361373	15	7	25
361373	37	9	46
361373	59	11	71
362277	0	10	59
362277	15	1	26
362277	37	7	24
362277	59	15	78
364039	0	20	83
364039	15	25	58
364039	37	25	41
364039	59	47	83
364428	0	17	54
364428	15	13	22
364428	37	15	31
364428	59	42	65
364440	0	1	60
364440	15	0	26
364440	37	0	31
364440	59	0	73
364542	0	28	75
364542	15	8	19
364542	37	15	32
364542	59	22	43
370682	0	20	112
370682	15	8	65
370682	37	8	49
370682	59	17	67
370831	0	36	117
370831	15	22	41
370831	37	27	50
370831	59	60	92
372119	0	39	93
372119	15	31	66
372119	37	26	50
372119	59	43	77
372201	0	4	101
372201	15	0	49
372201	37	0	37
372201	59	0	61
372370	0	33	114
372370	15	6	58
372370	37	2	45
372370	59	11	73
373130	0	2	84
373130	15	7	55
373130	37	1	38
373130	59	9	75
373266	0	32	90
373266	15	17	46
373266	37	14	35
373266	59	55	90
373418	0	1	82
373418	15	0	38
373418	37	3	40
373418	59	1	87
374257	0	7	79
374257	15	1	40
374257	37	0	35
374257	59	2	74
374302	0	25	90
374302	15	7	44
374302	37	3	37
374302	59	16	70
376315	0	13	111
376315	15	4	44
376315	37	8	30
376315	59	19	76
376388	0	22	62
376388	15	14	23
376388	37	18	33
376388	59	42	92
376440	0	33	87
376440	15	31	57
376440	37	29	50
376440	59	31	76
376658	0	60	125
376658	15	16	43
376658	37	10	34
376658	59	12	82
377968	0	47	99
377968	15	26	39
377968	37	39	46
377968	59	61	83
380545	0	2	80
380545	15	0	27
380545	37	0	50
380545	59	0	113
380574	0	4	87
380574	15	2	38
380574	37	0	47
380574	59	1	94
381113	0	5	82
381113	15	1	48
381113	37	3	36
381113	59	24	89
381173	0	37	75
381173	15	19	32
381173	37	27	38
381173	59	72	87
381413	0	7	60
381413	15	2	25
381413	37	8	42
381413	59	16	85
381447	0	1	69
381447	15	4	19
381447	37	3	30
381447	59	7	66
382038	0	11	70
382038	15	4	17
382038	37	3	48
382038	59	19	90
383580	0	5	74
383580	15	2	44
383580	37	2	51
383580	59	0	92
383603	0	31	78
383603	15	20	43
383603	37	27	41
383603	59	41	84
384145	0	17	107
384145	15	12	67
384145	37	9	44
384145	59	13	82
384322	0	14	100
384322	15	16	54
384322	37	18	57
384322	59	26	66
384341	0	3	99
384341	15	0	47
384341	37	2	56
384341	59	2	69
385925	0	33	105
385925	15	32	68
385925	37	20	52
385925	59	55	103
386957	0	29	79
386957	15	20	32
386957	37	21	43
386957	59	52	72
387088	0	7	90
387088	15	12	54
387088	37	4	49
387088	59	5	65
387348	0	16	107
387348	15	12	46
387348	37	11	43
387348	59	23	82
387785	0	7	76
387785	15	1	56
387785	37	2	49
387785	59	1	80
387809	0	15	91
387809	15	14	52
387809	37	11	54
387809	59	14	84
389008	0	30	108
389008	15	29	52
389008	37	18	38
389008	59	44	71
389898	0	1	62
389898	15	4	36
389898	37	3	33
389898	59	16	90
389979	0	7	53
389979	15	6	26
389979	37	8	29
389979	59	18	59
390424	0	7	72
390424	15	6	33
390424	37	3	44
390424	59	3	79
392002	0	2	105
392002	15	1	48
392002	37	0	43
392002	59	1	74
392597	0	13	63
392597	15	9	58
392597	37	9	53
392597	59	13	77
392774	0	8	87
392774	15	13	60
392774	37	11	43
392774	59	17	73
394199	0	45	97
394199	15	9	35
394199	37	6	33
394199	59	15	86
394678	0	3	58
394678	15	0	45
394678	37	3	31
394678	59	3	76
395724	0	43	100
395724	15	12	18
395724	37	19	36
395724	59	50	111
395859	0	13	111
395859	15	9	42
395859	37	13	56
395859	59	21	111
397461	0	8	39
397461	15	18	34
397461	37	11	25
397461	59	23	79
398367	0	4	105
398367	15	3	60
398367	37	1	54
398367	59	3	70
398582	0	30	68
398582	15	18	43
398582	37	8	34
398582	59	30	67
399115	0	1	102
399115	15	0	61
399115	37	0	46
399115	59	0	92
399536	0	12	82
399536	15	17	60
399536	37	10	43
399536	59	17	85
400558	0	26	78
400558	15	31	59
400558	37	13	30
400558	59	25	72
401279	0	30	74
401279	15	26	49
401279	37	8	20
401279	59	45	84
401829	0	42	91
401829	15	37	66
401829	37	22	49
401829	59	40	93
401830	0	8	92
401830	15	4	57
401830	37	2	45
401830	59	2	94
401966	0	31	70
401966	15	26	48
401966	37	8	24
401966	59	22	81
403488	0	8	90
403488	15	6	35
403488	37	8	55
403488	59	23	77
404285	0	15	79
404285	15	8	41
404285	37	7	35
404285	59	23	74
404293	0	22	81
404293	15	9	38
404293	37	15	29
404293	59	40	77
405368	0	18	52
405368	15	13	26
405368	37	8	25
405368	59	17	54
405700	0	23	90
405700	15	5	69
405700	37	1	35
405700	59	10	78
405751	0	3	90
405751	15	0	39
405751	37	0	31
405751	59	0	83
405949	0	1	89
405949	15	1	54
405949	37	3	31
405949	59	3	71
406394	0	16	78
406394	15	20	65
406394	37	14	39
406394	59	29	90
407222	0	1	83
407222	15	0	31
407222	37	0	41
407222	59	6	81
408270	0	13	87
408270	15	0	27
408270	37	0	41
408270	59	0	72
409124	0	4	51
409124	15	1	42
409124	37	1	36
409124	59	0	58
411072	0	2	68
411072	15	8	52
411072	37	3	31
411072	59	0	89
412784	0	1	85
412784	15	0	23
412784	37	0	32
412784	59	0	65
412790	0	36	84
412790	15	15	30
412790	37	12	30
412790	59	39	72
412921	0	1	71
412921	15	0	22
412921	37	5	42
412921	59	1	111
413109	0	7	72
413109	15	5	29
413109	37	10	44
413109	59	29	89
413190	0	40	81
413190	15	7	15
413190	37	24	44
413190	59	54	71
413665	0	34	81
413665	15	31	59
413665	37	23	41
413665	59	57	85
413962	0	27	56
413962	15	19	30
413962	37	13	25
413962	59	35	63
414047	0	1	63
414047	15	0	26
414047	37	2	25
414047	59	0	76
414609	0	41	89
414609	15	44	67
414609	37	21	38
414609	59	43	98
416019	0	3	78
416019	15	5	32
416019	37	5	39
416019	59	11	66
416079	0	7	63
416079	15	0	31
416079	37	1	31
416079	59	0	61
419045	0	18	49
419045	15	9	32
419045	37	11	29
419045	59	42	89
419560	0	5	72
419560	15	3	32
419560	37	4	29
419560	59	2	78
419582	0	1	79
419582	15	2	38
419582	37	1	23
419582	59	2	77
419891	0	19	44
419891	15	17	25
419891	37	12	16
419891	59	72	77
420644	0	10	121
420644	15	0	40
420644	37	3	35
420644	59	8	90
420915	0	20	88
420915	15	5	52
420915	37	0	29
420915	59	2	69
421342	0	2	75
421342	15	3	64
421342	37	0	29
421342	59	0	96
421400	0	39	84
421400	15	14	53
421400	37	8	38
421400	59	15	101
424633	0	6	111
424633	15	0	42
424633	37	3	49
424633	59	3	83
424798	0	19	60
424798	15	17	42
424798	37	10	31
424798	59	34	65
424813	0	3	58
424813	15	4	37
424813	37	2	28
424813	59	1	61
424882	0	35	72
424882	15	19	43
424882	37	11	28
424882	59	31	58
425101	0	29	78
425101	15	9	40
425101	37	12	53
425101	59	17	85
425522	0	2	57
425522	15	5	50
425522	37	1	33
425522	59	1	102
425568	0	30	71
425568	15	29	51
425568	37	24	42
425568	59	58	102
425729	0	22	120
425729	15	20	67
425729	37	16	52
425729	59	26	96
425865	0	12	90
425865	15	8	55
425865	37	11	38
425865	59	11	69
425971	0	15	83
425971	15	5	65
425971	37	0	37
425971	59	1	83
426342	0	17	83
426342	15	3	37
426342	37	5	37
426342	59	0	70
426361	0	3	72
426361	15	1	35
426361	37	0	39
426361	59	0	73
426977	0	2	56
426977	15	0	62
426977	37	0	34
426977	59	0	80
427465	0	1	55
427465	15	2	62
427465	37	0	30
427465	59	0	80
427937	0	35	97
427937	15	9	43
427937	37	8	46
427937	59	14	96
429590	0	12	89
429590	15	3	75
429590	37	1	39
429590	59	0	67
430005	0	4	66
430005	15	1	29
430005	37	0	19
430005	59	4	58
430836	0	29	97
430836	15	9	34
430836	37	12	43
430836	59	20	115
431038	0	18	104
431038	15	5	39
431038	37	5	42
431038	59	12	82
433474	0	28	91
433474	15	22	39
433474	37	15	46
433474	59	43	78
436766	0	16	64
436766	15	1	37
436766	37	7	33
436766	59	7	61
436870	0	32	91
436870	15	20	33
436870	37	19	45
436870	59	59	90
436964	0	5	64
436964	15	6	36
436964	37	3	31
436964	59	0	60
437000	0	2	74
437000	15	2	39
437000	37	2	49
437000	59	1	72
438811	0	1	78
438811	15	0	54
438811	37	0	33
438811	59	0	84
439046	0	26	87
439046	15	27	58
439046	37	13	24
439046	59	54	90
439136	0	17	94
439136	15	16	46
439136	37	9	30
439136	59	26	98
439640	0	45	92
439640	15	31	57
439640	37	22	40
439640	59	38	75
440608	0	4	51
440608	15	10	38
440608	37	7	19
440608	59	27	86
442383	0	34	94
442383	15	31	69
442383	37	26	45
442383	59	47	80
442453	0	6	116
442453	15	1	57
442453	37	1	50
442453	59	4	87
444257	0	24	77
444257	15	5	43
444257	37	5	42
444257	59	12	88
444609	0	5	59
444609	15	2	32
444609	37	3	41
444609	59	1	55
445136	0	6	125
445136	15	0	49
445136	37	4	51
445136	59	0	67
445420	0	6	90
445420	15	2	49
445420	37	6	49
445420	59	9	78
446704	0	1	73
446704	15	0	50
446704	37	1	43
446704	59	1	76
446939	0	12	52
446939	15	17	43
446939	37	6	29
446939	59	33	74
447773	0	1	81
447773	15	5	44
447773	37	1	45
447773	59	1	77
447782	0	4	85
447782	15	2	50
447782	37	1	45
447782	59	6	72
448023	0	37	87
448023	15	39	64
448023	37	26	44
448023	59	37	73
448544	0	1	48
448544	15	0	21
448544	37	1	27
448544	59	0	89
450609	0	23	99
450609	15	8	49
450609	37	4	44
450609	59	5	95
450690	0	24	102
450690	15	22	81
450690	37	22	56
450690	59	33	79
450795	0	10	79
450795	15	4	51
450795	37	1	40
450795	59	1	63
452157	0	7	69
452157	15	2	20
452157	37	6	45
452157	59	0	95
452180	0	3	80
452180	15	1	17
452180	37	5	54
452180	59	0	88
452390	0	7	52
452390	15	0	48
452390	37	1	25
452390	59	0	75
456553	0	8	57
456553	15	1	20
456553	37	3	48
456553	59	4	85
456673	0	28	60
456673	15	22	40
456673	37	13	36
456673	59	32	98
456826	0	20	67
456826	15	15	40
456826	37	19	47
456826	59	29	78
457565	0	1	86
457565	15	0	18
457565	37	1	48
457565	59	3	83
457987	0	12	98
457987	15	1	55
457987	37	0	44
457987	59	0	92
459904	0	18	58
459904	15	5	27
459904	37	2	24
459904	59	7	72
460446	0	34	83
460446	15	17	28
460446	37	17	29
460446	59	35	67
460484	0	1	68
460484	15	2	37
460484	37	1	25
460484	59	18	76
461017	0	27	54
461017	15	23	42
461017	37	14	25
461017	59	29	88
461098	0	21	89
461098	15	21	82
461098	37	17	45
461098	59	29	86
463642	0	19	94
463642	15	4	54
463642	37	2	40
463642	59	2	89
464046	0	10	54
464046	15	10	74
464046	37	6	28
464046	59	15	66
464201	0	22	87
464201	15	4	33
464201	37	4	37
464201	59	1	73
464203	0	22	89
464203	15	5	36
464203	37	5	40
464203	59	1	73
464204	0	24	87
464204	15	7	37
464204	37	4	40
464204	59	1	71
464205	0	22	89
464205	15	6	39
464205	37	4	41
464205	59	1	71
466105	0	11	97
466105	15	2	35
466105	37	1	46
466105	59	1	79
466746	0	2	80
466746	15	3	37
466746	37	1	34
466746	59	1	81
468459	0	14	82
468459	15	10	42
468459	37	20	56
468459	59	14	76
468889	0	27	96
468889	15	2	20
468889	37	3	42
468889	59	2	93
472243	0	9	39
472243	15	10	28
472243	37	9	20
472243	59	57	106
472260	0	7	41
472260	15	1	27
472260	37	0	15
472260	59	0	103
472775	0	22	71
472775	15	4	17
472775	37	10	52
472775	59	8	108
480572	0	4	81
480572	15	4	28
480572	37	6	38
480572	59	0	72
480600	0	10	88
480600	15	5	25
480600	37	2	44
480600	59	1	68
481317	0	17	103
481317	15	7	67
481317	37	12	54
481317	59	26	91
481990	0	2	103
481990	15	1	50
481990	37	5	47
481990	59	8	108
483008	0	6	92
483008	15	6	41
483008	37	5	47
483008	59	9	101
484275	0	49	108
484275	15	29	64
484275	37	20	46
484275	59	28	67
484296	0	25	101
484296	15	10	72
484296	37	3	51
484296	59	2	66
484432	0	16	84
484432	15	4	51
484432	37	3	38
484432	59	1	72
485838	0	39	79
485838	15	25	50
485838	37	15	31
485838	59	44	72
486276	0	1	75
486276	15	0	23
486276	37	0	35
486276	59	1	69
486432	0	8	39
486432	15	0	18
486432	37	1	15
486432	59	4	73
486692	0	50	104
486692	15	36	60
486692	37	23	51
486692	59	38	69
486764	0	11	86
486764	15	9	54
486764	37	2	22
486764	59	4	88
488512	0	4	77
488512	15	5	64
488512	37	3	45
488512	59	13	102
488847	0	9	86
488847	15	5	53
488847	37	0	44
488847	59	0	94
490095	0	29	83
490095	15	4	25
490095	37	7	31
490095	59	40	92
490332	0	2	75
490332	15	1	28
490332	37	0	49
490332	59	0	88
491291	0	43	90
491291	15	22	39
491291	37	23	45
491291	59	69	106
492408	0	5	55
492408	15	3	19
492408	37	1	24
492408	59	0	28
492409	0	9	57
492409	15	4	18
492409	37	1	25
492409	59	3	31
492411	0	2	69
492411	15	3	32
492411	37	1	32
492411	59	5	48
492412	0	2	69
492412	15	3	31
492412	37	1	32
492412	59	5	47
493896	0	2	92
493896	15	6	52
493896	37	1	45
493896	59	2	111
494272	0	28	59
494272	15	12	25
494272	37	11	24
494272	59	24	67
494696	0	4	74
494696	15	3	38
494696	37	6	43
494696	59	12	77
494697	0	4	74
494697	15	3	39
494697	37	6	44
494697	59	11	80
494714	0	22	71
494714	15	10	43
494714	37	18	43
494714	59	42	77
494757	0	24	76
494757	15	9	36
494757	37	17	42
494757	59	27	75
494822	0	39	82
494822	15	24	43
494822	37	24	55
494822	59	36	67
495257	0	38	81
495257	15	23	35
495257	37	16	38
495257	59	39	74
495389	0	19	84
495389	15	18	51
495389	37	16	47
495389	59	25	78
495836	0	12	74
495836	15	3	47
495836	37	4	39
495836	59	6	82
497571	0	23	61
497571	15	16	47
497571	37	13	21
497571	59	28	62
497903	0	9	93
497903	15	6	67
497903	37	2	38
497903	59	8	95
497905	0	6	92
497905	15	4	63
497905	37	2	39
497905	59	3	91
498251	0	21	64
498251	15	5	32
498251	37	4	34
498251	59	4	87
498279	0	13	73
498279	15	2	31
498279	37	10	29
498279	59	23	97
498544	0	44	94
498544	15	22	43
498544	37	16	33
498544	59	52	82
500556	0	42	93
500556	15	28	45
500556	37	17	42
500556	59	48	90
502261	0	3	101
502261	15	6	47
502261	37	2	32
502261	59	0	72
502492	0	19	95
502492	15	15	46
502492	37	17	43
502492	59	25	68
502551	0	2	89
502551	15	1	39
502551	37	1	47
502551	59	2	65
502552	0	2	85
502552	15	2	38
502552	37	1	46
502552	59	1	62
502553	0	2	87
502553	15	2	38
502553	37	0	47
502553	59	1	68
502794	0	46	104
502794	15	16	35
502794	37	23	50
502794	59	23	65
505085	0	2	106
505085	15	0	29
505085	37	0	49
505085	59	1	63
505379	0	1	83
505379	15	1	27
505379	37	0	47
505379	59	0	87
506394	0	17	101
506394	15	1	22
506394	37	1	38
506394	59	0	71
506417	0	6	108
506417	15	5	24
506417	37	4	42
506417	59	0	64
506592	0	45	102
506592	15	14	22
506592	37	23	40
506592	59	52	101
506887	0	41	87
506887	15	12	35
506887	37	13	44
506887	59	26	74
507670	0	47	105
507670	15	33	49
507670	37	25	43
507670	59	43	84
508638	0	40	81
508638	15	14	51
508638	37	21	35
508638	59	23	79
508828	0	22	57
508828	15	19	34
508828	37	18	31
508828	59	68	106
509244	0	14	52
509244	15	9	27
509244	37	10	24
509244	59	22	85
509314	0	2	63
509314	15	0	24
509314	37	0	29
509314	59	0	75
509504	0	31	79
509504	15	22	50
509504	37	16	36
509504	59	34	83
509817	0	2	119
509817	15	9	53
509817	37	3	39
509817	59	1	94
510724	0	42	95
510724	15	23	37
510724	37	19	36
510724	59	46	74
510985	0	22	89
510985	15	18	39
510985	37	31	51
510985	59	30	74
511855	0	24	59
511855	15	24	43
511855	37	9	20
511855	59	31	68
512271	0	28	67
512271	15	13	32
512271	37	15	46
512271	59	34	83
512742	0	45	119
512742	15	28	41
512742	37	18	44
512742	59	43	80
512754	0	1	117
512754	15	3	39
512754	37	5	43
512754	59	27	83
517451	0	17	60
517451	15	25	59
517451	37	12	47
517451	59	49	99
517529	0	2	64
517529	15	0	49
517529	37	0	24
517529	59	0	83
517708	0	11	85
517708	15	21	54
517708	37	17	46
517708	59	25	76
520828	0	17	53
520828	15	6	27
520828	37	4	22
520828	59	12	105
521581	0	18	80
521581	15	7	32
521581	37	5	32
521581	59	10	81
522093	0	3	82
522093	15	0	48
522093	37	4	52
522093	59	2	88
522388	0	16	75
522388	15	2	39
522388	37	1	24
522388	59	5	54
522717	0	23	111
522717	15	12	82
522717	37	9	52
522717	59	14	79
523825	0	12	81
523825	15	17	43
523825	37	16	38
523825	59	42	72
524216	0	2	88
524216	15	2	34
524216	37	4	39
524216	59	1	106
524406	0	30	103
524406	15	8	37
524406	37	4	42
524406	59	19	111
524701	0	4	96
524701	15	5	45
524701	37	1	50
524701	59	0	80
525985	0	19	55
525985	15	17	34
525985	37	9	21
525985	59	32	60
526073	0	22	59
526073	15	2	27
526073	37	2	23
526073	59	5	63
526148	0	6	71
526148	15	1	51
526148	37	2	42
526148	59	10	75
526308	0	21	56
526308	15	6	46
526308	37	4	25
526308	59	6	93
527653	0	1	50
527653	15	8	38
527653	37	4	20
527653	59	10	80
528329	0	1	64
528329	15	0	54
528329	37	0	31
528329	59	0	58
529534	0	14	81
529534	15	0	22
529534	37	0	38
529534	59	1	90
530264	0	13	80
530264	15	9	50
530264	37	10	44
530264	59	19	95
530265	0	12	79
530265	15	8	49
530265	37	10	45
530265	59	17	89
530275	0	16	80
530275	15	5	53
530275	37	4	45
530275	59	10	98
530336	0	51	103
530336	15	6	27
530336	37	18	46
530336	59	40	106
531140	0	20	78
531140	15	1	25
531140	37	4	54
531140	59	0	103
532281	0	1	69
532281	15	2	28
532281	37	1	45
532281	59	4	83
532399	0	22	71
532399	15	5	33
532399	37	5	29
532399	59	15	93
532950	0	2	45
532950	15	0	36
532950	37	0	33
532950	59	0	85
533375	0	17	46
533375	15	10	23
533375	37	9	27
533375	59	37	65
536068	0	3	100
536068	15	1	64
536068	37	1	47
536068	59	1	60
536071	0	6	95
536071	15	7	61
536071	37	4	48
536071	59	0	63
536157	0	24	112
536157	15	17	44
536157	37	18	43
536157	59	23	90
536237	0	1	85
536237	15	0	38
536237	37	0	41
536237	59	0	81
536979	0	14	58
536979	15	6	33
536979	37	8	31
536979	59	11	54
538216	0	19	67
538216	15	10	21
538216	37	16	37
538216	59	35	71
538320	0	40	86
538320	15	27	80
538320	37	14	45
538320	59	24	84
538478	0	2	78
538478	15	0	42
538478	37	2	25
538478	59	0	80
538946	0	20	72
538946	15	3	35
538946	37	5	27
538946	59	1	77
540290	0	3	71
540290	15	5	47
540290	37	0	41
540290	59	24	85
540726	0	22	85
540726	15	23	72
540726	37	10	38
540726	59	25	81
541504	0	43	94
541504	15	16	31
541504	37	17	48
541504	59	24	87
542262	0	30	70
542262	15	11	69
542262	37	6	36
542262	59	6	93
542406	0	21	84
542406	15	13	61
542406	37	14	42
542406	59	18	67
542819	0	4	71
542819	15	3	63
542819	37	0	41
542819	59	1	98
543253	0	2	84
543253	15	5	84
543253	37	1	38
543253	59	0	106
543981	0	1	112
543981	15	0	80
543981	37	0	51
543981	59	0	93
544303	0	2	93
544303	15	3	45
544303	37	3	57
544303	59	0	83
544370	0	26	80
544370	15	6	25
544370	37	8	48
544370	59	20	101
547645	0	35	88
547645	15	18	34
547645	37	23	48
547645	59	44	77
549268	0	41	111
549268	15	12	36
549268	37	12	51
549268	59	29	74
551197	0	15	92
551197	15	11	59
551197	37	11	46
551197	59	35	109
552420	0	3	100
552420	15	2	36
552420	37	4	59
552420	59	0	99
552739	0	4	106
552739	15	1	31
552739	37	1	56
552739	59	0	90
553533	0	29	106
553533	15	12	54
553533	37	23	53
553533	59	41	97
555243	0	26	87
555243	15	4	55
555243	37	3	28
555243	59	9	84
555862	0	3	111
555862	15	9	72
555862	37	3	52
555862	59	9	106
556299	0	4	113
556299	15	7	51
556299	37	4	50
556299	59	6	78
557441	0	1	90
557441	15	0	17
557441	37	2	39
557441	59	0	65
557752	0	34	111
557752	15	8	40
557752	37	17	51
557752	59	34	69
557896	0	21	104
557896	15	3	58
557896	37	0	42
557896	59	0	56
558420	0	60	126
558420	15	37	51
558420	37	31	48
558420	59	64	101
561695	0	4	60
561695	15	2	26
561695	37	0	33
561695	59	6	67
561855	0	8	103
561855	15	1	25
561855	37	8	34
561855	59	9	71
567020	0	2	86
567020	15	4	50
567020	37	3	32
567020	59	6	87
567364	0	1	90
567364	15	0	38
567364	37	0	31
567364	59	0	92
568427	0	1	72
568427	15	2	69
568427	37	0	39
568427	59	0	69
569173	0	21	51
569173	15	10	33
569173	37	2	18
569173	59	20	53
572060	0	30	94
572060	15	10	36
572060	37	19	46
572060	59	25	77
573276	0	1	72
573276	15	0	57
573276	37	0	33
573276	59	0	97
574134	0	11	79
574134	15	2	64
574134	37	1	45
574134	59	1	94
574789	0	5	107
574789	15	1	43
574789	37	0	44
574789	59	0	87
575727	0	10	60
575727	15	3	54
575727	37	3	28
575727	59	1	94
577295	0	8	103
577295	15	6	67
577295	37	9	37
577295	59	16	58
578835	0	2	91
578835	15	2	59
578835	37	1	24
578835	59	3	62
584419	0	11	77
584419	15	12	47
584419	37	8	36
584419	59	10	58
584620	0	2	77
584620	15	1	44
584620	37	2	37
584620	59	1	70
584638	0	17	85
584638	15	13	52
584638	37	7	40
584638	59	20	71
584654	0	15	84
584654	15	13	44
584654	37	8	36
584654	59	17	63
585155	0	2	81
585155	15	5	34
585155	37	5	33
585155	59	0	83
586902	0	20	92
586902	15	6	18
586902	37	11	36
586902	59	20	65
586951	0	45	92
586951	15	12	21
586951	37	10	36
586951	59	20	68
588204	0	21	91
588204	15	10	33
588204	37	19	62
588204	59	47	96
588703	0	14	70
588703	15	3	22
588703	37	17	50
588703	59	35	100
590139	0	26	70
590139	15	10	36
590139	37	6	20
590139	59	29	77
590315	0	32	64
590315	15	7	15
590315	37	29	50
590315	59	48	76
593197	0	14	83
593197	15	3	31
593197	37	15	48
593197	59	33	97
599406	0	1	62
599406	15	0	26
599406	37	0	41
599406	59	0	84
599598	0	5	108
599598	15	2	15
599598	37	1	51
599598	59	1	88
602410	0	1	67
602410	15	2	32
602410	37	4	35
602410	59	0	84
605327	0	14	57
605327	15	12	27
605327	37	11	35
605327	59	33	99
605809	0	22	74
605809	15	28	63
605809	37	20	38
605809	59	26	76
608954	0	18	60
608954	15	16	52
608954	37	9	19
608954	59	19	60
610366	0	23	98
610366	15	11	45
610366	37	17	41
610366	59	43	90
610742	0	38	104
610742	15	33	63
610742	37	15	44
610742	59	22	68
610788	0	10	67
610788	15	4	56
610788	37	0	27
610788	59	0	61
610970	0	2	97
610970	15	3	60
610970	37	0	50
610970	59	3	85
611575	0	24	102
611575	15	11	70
611575	37	13	39
611575	59	16	68
611643	0	13	74
611643	15	1	38
611643	37	1	18
611643	59	3	46
612115	0	28	63
612115	15	15	44
612115	37	9	28
612115	59	29	72
617018	0	5	99
617018	15	6	62
617018	37	3	42
617018	59	14	89
617061	0	2	80
617061	15	2	60
617061	37	0	38
617061	59	1	81
617097	0	1	82
617097	15	2	47
617097	37	6	44
617097	59	5	93
617550	0	1	70
617550	15	3	33
617550	37	2	38
617550	59	4	90
619059	0	1	58
619059	15	1	28
619059	37	1	41
619059	59	4	73
621501	0	26	119
621501	15	20	77
621501	37	8	42
621501	59	26	75
622349	0	3	64
622349	15	2	55
622349	37	0	37
622349	59	0	77
622580	0	1	61
622580	15	1	38
622580	37	3	26
622580	59	5	91
622699	0	22	82
622699	15	3	25
622699	37	18	52
622699	59	22	71
624356	0	1	60
624356	15	4	53
624356	37	4	31
624356	59	0	72
625012	0	18	67
625012	15	8	30
625012	37	6	19
625012	59	23	69
625799	0	13	79
625799	15	10	46
625799	37	12	33
625799	59	34	90
626261	0	6	62
626261	15	0	42
626261	37	0	30
626261	59	0	85
626381	0	4	59
626381	15	3	46
626381	37	0	23
626381	59	2	43
626468	0	19	92
626468	15	15	73
626468	37	6	37
626468	59	11	43
627163	0	3	75
627163	15	1	32
627163	37	1	33
627163	59	12	85
628151	0	6	68
628151	15	0	56
628151	37	0	29
628151	59	0	63
628250	0	2	79
628250	15	1	40
628250	37	3	39
628250	59	1	78
628547	0	10	96
628547	15	4	59
628547	37	6	33
628547	59	12	96
628599	0	16	95
628599	15	8	58
628599	37	16	48
628599	59	22	96
628888	0	29	101
628888	15	15	51
628888	37	20	48
628888	59	32	70
629315	0	28	109
629315	15	16	44
629315	37	11	52
629315	59	21	68
630232	0	14	100
630232	15	7	29
630232	37	15	55
630232	59	14	86
630646	0	2	46
630646	15	0	17
630646	37	1	40
630646	59	4	49
630979	0	2	76
630979	15	2	39
630979	37	6	50
630979	59	15	92
632849	0	4	67
632849	15	0	35
632849	37	2	42
632849	59	4	98
632880	0	8	68
632880	15	3	38
632880	37	10	40
632880	59	14	97
634190	0	1	97
634190	15	1	33
634190	37	1	58
634190	59	9	76
635773	0	14	87
635773	15	10	35
635773	37	7	29
635773	59	23	72
636212	0	19	102
636212	15	17	65
636212	37	25	54
636212	59	49	96
637127	0	1	78
637127	15	0	30
637127	37	1	37
637127	59	13	99
637259	0	28	125
637259	15	12	39
637259	37	18	55
637259	59	36	91
638193	0	47	99
638193	15	5	26
638193	37	16	44
638193	59	21	61
638245	0	3	106
638245	15	2	27
638245	37	0	47
638245	59	0	64
638384	0	1	60
638384	15	1	28
638384	37	0	41
638384	59	2	49
638385	0	1	60
638385	15	1	30
638385	37	1	43
638385	59	2	47
638563	0	10	62
638563	15	12	31
638563	37	13	26
638563	59	28	82
638767	0	12	90
638767	15	0	39
638767	37	2	42
638767	59	0	95
638835	0	5	76
638835	15	6	30
638835	37	0	43
638835	59	1	91
639401	0	1	97
639401	15	3	60
639401	37	1	47
639401	59	2	57
639696	0	1	77
639696	15	0	61
639696	37	0	50
639696	59	0	91
639864	0	8	85
639864	15	0	50
639864	37	0	59
639864	59	1	65
642066	0	15	88
642066	15	1	16
642066	37	2	32
642066	59	0	103
642338	0	5	77
642338	15	1	23
642338	37	0	48
642338	59	0	88
642540	0	18	67
642540	15	6	16
642540	37	10	38
642540	59	16	72
644110	0	29	78
644110	15	23	61
644110	37	15	45
644110	59	31	92
644480	0	7	91
644480	15	1	51
644480	37	0	22
644480	59	0	70
645875	0	19	109
645875	15	3	54
645875	37	2	49
645875	59	1	114
648364	0	27	70
648364	15	20	45
648364	37	12	46
648364	59	19	72
648829	0	4	110
648829	15	2	50
648829	37	2	44
648829	59	13	107
650545	0	6	59
650545	15	0	30
650545	37	0	32
650545	59	1	83
651243	0	10	89
651243	15	6	33
651243	37	9	56
651243	59	2	56
651244	0	6	89
651244	15	3	30
651244	37	2	55
651244	59	0	55
651245	0	5	90
651245	15	3	30
651245	37	2	53
651245	59	0	58
652417	0	4	46
652417	15	2	24
652417	37	5	28
652417	59	11	83
652761	0	1	84
652761	15	1	36
652761	37	6	48
652761	59	14	97
655645	0	28	113
655645	15	21	68
655645	37	8	40
655645	59	37	107
656944	0	19	82
656944	15	1	40
656944	37	0	39
656944	59	1	78
657878	0	5	89
657878	15	1	37
657878	37	0	47
657878	59	0	83
658145	0	11	90
658145	15	0	32
658145	37	1	49
658145	59	0	98
659234	0	36	91
659234	15	14	23
659234	37	20	32
659234	59	49	87
661882	0	3	79
661882	15	6	64
661882	37	1	34
661882	59	1	71
661995	0	43	98
661995	15	23	48
661995	37	15	37
661995	59	27	89
662823	0	2	64
662823	15	0	24
662823	37	0	46
662823	59	1	84
662824	0	26	76
662824	15	7	24
662824	37	11	48
662824	59	16	84
662826	0	24	73
662826	15	7	26
662826	37	9	44
662826	59	15	86
664123	0	1	91
664123	15	1	53
664123	37	1	51
664123	59	0	84
664791	0	32	80
664791	15	13	35
664791	37	15	44
664791	59	25	75
666375	0	30	67
666375	15	34	60
666375	37	8	34
666375	59	21	68
666883	0	3	89
666883	15	1	51
666883	37	1	31
666883	59	12	74
667954	0	19	85
667954	15	6	46
667954	37	0	37
667954	59	0	94
670592	0	7	71
670592	15	3	17
670592	37	1	32
670592	59	0	55
673818	0	5	41
673818	15	3	25
673818	37	2	19
673818	59	4	28
675410	0	11	66
675410	15	9	52
675410	37	7	42
675410	59	36	96
675676	0	1	78
675676	15	0	43
675676	37	1	45
675676	59	0	71
676735	0	27	118
676735	15	16	47
676735	37	10	53
676735	59	13	56
681326	0	1	104
681326	15	1	65
681326	37	2	57
681326	59	0	81
683754	0	2	110
683754	15	1	32
683754	37	7	38
683754	59	9	94
686038	0	1	112
686038	15	0	34
686038	37	7	48
686038	59	7	77
690520	0	1	105
690520	15	0	32
690520	37	0	49
690520	59	0	99
690800	0	42	89
690800	15	16	35
690800	37	11	31
690800	59	28	65
690912	0	6	110
690912	15	1	69
690912	37	1	34
690912	59	1	65
701828	0	2	86
701828	15	6	54
701828	37	1	48
701828	59	1	73
702126	0	4	94
702126	15	1	34
702126	37	1	37
702126	59	5	101
704825	0	23	58
704825	15	19	49
704825	37	16	32
704825	59	47	83
707247	0	6	85
707247	15	2	26
707247	37	0	32
707247	59	3	74
707650	0	4	55
707650	15	4	44
707650	37	3	38
707650	59	12	71
707651	0	4	54
707651	15	3	45
707651	37	3	34
707651	59	10	69
707657	0	1	54
707657	15	1	45
707657	37	1	39
707657	59	2	67
707711	0	23	69
707711	15	5	43
707711	37	1	48
707711	59	1	85
707820	0	15	80
707820	15	3	20
707820	37	9	40
707820	59	18	95
708861	0	5	122
708861	15	1	31
708861	37	2	59
708861	59	0	108
709208	0	16	99
709208	15	2	25
709208	37	15	49
709208	59	25	105
711386	0	2	52
711386	15	2	41
711386	37	0	25
711386	59	1	33
712539	0	19	87
712539	15	3	29
712539	37	18	58
712539	59	18	69
712604	0	10	118
712604	15	0	44
712604	37	0	53
712604	59	0	67
713129	0	47	123
713129	15	36	74
713129	37	29	45
713129	59	48	76
717822	0	15	89
717822	15	3	25
717822	37	3	38
717822	59	5	84
718367	0	11	97
718367	15	5	29
718367	37	7	49
718367	59	26	75
718672	0	3	79
718672	15	3	27
718672	37	3	43
718672	59	0	83
718955	0	23	75
718955	15	1	32
718955	37	4	46
718955	59	0	81
719055	0	26	77
719055	15	4	46
719055	37	0	36
719055	59	2	63
719169	0	37	78
719169	15	14	28
719169	37	20	27
719169	59	46	73
720609	0	20	87
720609	15	14	55
720609	37	18	39
720609	59	22	77
721291	0	1	97
721291	15	3	62
721291	37	3	44
721291	59	2	91
722224	0	4	79
722224	15	0	38
722224	37	0	30
722224	59	0	83
722997	0	7	71
722997	15	4	36
722997	37	4	26
722997	59	14	94
723092	0	39	82
723092	15	18	31
723092	37	10	30
723092	59	25	70
723341	0	2	76
723341	15	0	48
723341	37	0	35
723341	59	0	69
726128	0	28	81
726128	15	38	64
726128	37	23	37
726128	59	25	77
727250	0	2	74
727250	15	1	31
727250	37	5	54
727250	59	0	81
727500	0	2	76
727500	15	1	32
727500	37	2	43
727500	59	2	107
727502	0	2	72
727502	15	0	32
727502	37	2	40
727502	59	1	106
727503	0	2	72
727503	15	0	32
727503	37	2	43
727503	59	2	106
730203	0	37	92
730203	15	16	44
730203	37	23	35
730203	59	68	98
732885	0	2	62
732885	15	0	36
732885	37	1	23
732885	59	3	53
733089	0	24	119
733089	15	10	49
733089	37	21	62
733089	59	21	105
733978	0	1	96
733978	15	2	72
733978	37	3	31
733978	59	3	71
733992	0	8	88
733992	15	0	62
733992	37	2	31
733992	59	0	77
736594	0	1	81
736594	15	1	57
736594	37	3	52
736594	59	6	74
736626	0	2	63
736626	15	0	33
736626	37	1	33
736626	59	3	76
736976	0	17	67
736976	15	8	19
736976	37	17	34
736976	59	35	63
737625	0	4	106
737625	15	1	68
737625	37	0	45
737625	59	0	87
738528	0	4	54
738528	15	1	42
738528	37	2	22
738528	59	0	71
739337	0	2	53
739337	15	3	51
739337	37	0	41
739337	59	5	78
739338	0	3	51
739338	15	3	48
739338	37	0	36
739338	59	5	82
739339	0	1	61
739339	15	2	50
739339	37	0	48
739339	59	1	81
739622	0	5	94
739622	15	2	51
739622	37	0	46
739622	59	0	81
740202	0	3	99
740202	15	1	33
740202	37	5	57
740202	59	4	82
740573	0	2	102
740573	15	4	46
740573	37	1	48
740573	59	0	81
740594	0	6	101
740594	15	2	37
740594	37	2	45
740594	59	10	78
741226	0	7	46
741226	15	1	19
741226	37	0	23
741226	59	10	63
741501	0	1	64
741501	15	0	34
741501	37	2	29
741501	59	9	58
742648	0	5	94
742648	15	2	39
742648	37	7	52
742648	59	6	87
745144	0	3	83
745144	15	1	52
745144	37	5	45
745144	59	10	99
746825	0	29	94
746825	15	7	20
746825	37	20	43
746825	59	34	74
750084	0	5	87
750084	15	0	84
750084	37	0	31
750084	59	1	75
750363	0	5	55
750363	15	0	46
750363	37	0	24
750363	59	7	80
751536	0	25	81
751536	15	22	61
751536	37	15	42
751536	59	27	76
751672	0	4	82
751672	15	8	51
751672	37	0	39
751672	59	0	98
752258	0	15	83
752258	15	1	52
752258	37	0	38
752258	59	0	92
753911	0	1	87
753911	15	0	52
753911	37	0	33
753911	59	1	91
754093	0	41	125
754093	15	28	72
754093	37	28	52
754093	59	50	89
755396	0	2	80
755396	15	2	49
755396	37	1	45
755396	59	0	66
755605	0	31	98
755605	15	9	33
755605	37	17	47
755605	59	29	96
758708	0	5	96
758708	15	4	26
758708	37	2	49
758708	59	0	75
759105	0	24	106
759105	15	4	27
759105	37	3	59
759105	59	1	88
759295	0	33	94
759295	15	10	33
759295	37	19	47
759295	59	34	86
759674	0	1	94
759674	15	7	52
759674	37	2	56
759674	59	0	71
761260	0	1	92
761260	15	0	42
761260	37	0	31
761260	59	0	73
761624	0	3	52
761624	15	5	37
761624	37	7	37
761624	59	23	90
762692	0	1	106
762692	15	4	32
762692	37	2	48
762692	59	0	92
763670	0	40	109
763670	15	33	55
763670	37	27	48
763670	59	52	79
763865	0	33	109
763865	15	14	45
763865	37	14	43
763865	59	38	89
764114	0	6	33
764114	15	9	26
764114	37	6	17
764114	59	24	60
767469	0	2	80
767469	15	1	39
767469	37	1	36
767469	59	1	82
767470	0	3	76
767470	15	5	38
767470	37	2	35
767470	59	4	68
769188	0	17	66
769188	15	19	40
769188	37	16	26
769188	59	33	53
769441	0	1	63
769441	15	4	69
769441	37	5	34
769441	59	6	67
770382	0	13	110
770382	15	6	52
770382	37	11	39
770382	59	23	104
775651	0	27	77
775651	15	28	59
775651	37	14	30
775651	59	31	68
775694	0	2	64
775694	15	0	69
775694	37	0	37
775694	59	0	74
777715	0	19	84
777715	15	8	50
777715	37	2	55
777715	59	2	80
778964	0	2	67
778964	15	3	66
778964	37	2	42
778964	59	3	76
779262	0	6	105
779262	15	3	60
779262	37	5	43
779262	59	16	89
780591	0	6	60
780591	15	2	36
780591	37	0	28
780591	59	3	55
780875	0	31	87
780875	15	20	41
780875	37	13	40
780875	59	29	75
782987	0	4	78
782987	15	0	44
782987	37	1	27
782987	59	2	81
784215	0	3	91
784215	15	0	62
784215	37	0	36
784215	59	0	71
785762	0	1	99
785762	15	0	71
785762	37	0	39
785762	59	0	86
788003	0	6	85
788003	15	2	43
788003	37	1	33
788003	59	2	58
789852	0	1	108
789852	15	1	43
789852	37	1	57
789852	59	0	71
790267	0	23	76
790267	15	13	35
790267	37	12	43
790267	59	31	72
791215	0	39	88
791215	15	25	63
791215	37	12	41
791215	59	33	93
796825	0	29	80
796825	15	17	36
796825	37	28	51
796825	59	53	88
796978	0	18	89
796978	15	15	38
796978	37	13	51
796978	59	18	73
797166	0	8	99
797166	15	1	63
797166	37	1	47
797166	59	1	76
797493	0	2	75
797493	15	2	41
797493	37	1	34
797493	59	1	65
798907	0	1	64
798907	15	3	36
798907	37	1	21
798907	59	0	70
799253	0	1	69
799253	15	1	27
799253	37	1	33
799253	59	2	66
799287	0	7	77
799287	15	2	32
799287	37	6	35
799287	59	8	81
800284	0	4	123
800284	15	2	43
800284	37	0	38
800284	59	0	91
803754	0	7	90
803754	15	0	45
803754	37	1	31
803754	59	5	89
807136	0	11	78
807136	15	7	46
807136	37	8	20
807136	59	18	69
807142	0	12	78
807142	15	0	49
807142	37	2	21
807142	59	2	70
808190	0	4	99
808190	15	4	52
808190	37	3	38
808190	59	0	80
808582	0	16	78
808582	15	6	36
808582	37	1	48
808582	59	0	75
809011	0	4	74
809011	15	1	18
809011	37	1	39
809011	59	2	78
818980	0	2	49
818980	15	0	17
818980	37	0	32
818980	59	0	76
820183	0	31	76
820183	15	30	65
820183	37	16	35
820183	59	42	76
820913	0	6	106
820913	15	0	41
820913	37	1	61
820913	59	0	65
823192	0	3	48
823192	15	2	38
823192	37	1	20
823192	59	2	93
828050	0	2	95
828050	15	2	58
828050	37	1	50
828050	59	3	95
828447	0	6	83
828447	15	13	81
828447	37	7	33
828447	59	15	60
828864	0	6	84
828864	15	0	49
828864	37	0	34
828864	59	0	89
828943	0	9	64
828943	15	8	49
828943	37	7	33
828943	59	24	66
829103	0	3	104
829103	15	0	48
829103	37	1	59
829103	59	0	67
829208	0	35	109
829208	15	24	49
829208	37	11	36
829208	59	43	96
829334	0	7	63
829334	15	5	51
829334	37	7	29
829334	59	15	85
831037	0	23	99
831037	15	3	36
831037	37	3	32
831037	59	2	72
831127	0	38	114
831127	15	35	69
831127	37	13	47
831127	59	36	79
831139	0	35	106
831139	15	30	59
831139	37	15	46
831139	59	35	81
831248	0	48	119
831248	15	11	37
831248	37	22	45
831248	59	29	71
832079	0	14	70
832079	15	16	52
832079	37	14	49
832079	59	16	67
832165	0	1	98
832165	15	0	40
832165	37	0	54
832165	59	0	99
833923	0	18	77
833923	15	12	51
833923	37	5	23
833923	59	3	74
834451	0	1	68
834451	15	1	27
834451	37	1	34
834451	59	0	68
834657	0	1	96
834657	15	0	43
834657	37	0	41
834657	59	0	72
834801	0	3	103
834801	15	0	52
834801	37	0	35
834801	59	0	75
836392	0	27	103
836392	15	10	49
836392	37	14	37
836392	59	37	77
838085	0	23	77
838085	15	12	45
838085	37	13	41
838085	59	30	77
838228	0	7	50
838228	15	6	24
838228	37	13	38
838228	59	52	112
838284	0	15	76
838284	15	4	34
838284	37	3	40
838284	59	11	83
840631	0	2	76
840631	15	3	54
840631	37	5	52
840631	59	6	88
842013	0	19	105
842013	15	4	29
842013	37	10	47
842013	59	16	75
842091	0	5	78
842091	15	2	25
842091	37	7	50
842091	59	15	110
844187	0	28	89
844187	15	17	57
844187	37	13	36
844187	59	35	85
845181	0	19	85
845181	15	10	48
845181	37	2	26
845181	59	20	84
845248	0	31	104
845248	15	26	45
845248	37	17	40
845248	59	26	84
845843	0	23	98
845843	15	20	53
845843	37	15	48
845843	59	30	99
846084	0	4	77
846084	15	1	45
846084	37	2	43
846084	59	0	62
846998	0	5	112
846998	15	4	73
846998	37	3	56
846998	59	1	62
847283	0	4	117
847283	15	1	55
847283	37	2	49
847283	59	2	75
847380	0	15	112
847380	15	10	52
847380	37	11	60
847380	59	16	86
850192	0	29	100
850192	15	12	42
850192	37	10	33
850192	59	7	94
850539	0	35	84
850539	15	26	58
850539	37	11	26
850539	59	33	66
850652	0	1	72
850652	15	2	47
850652	37	0	44
850652	59	8	68
850655	0	2	76
850655	15	5	53
850655	37	1	41
850655	59	7	61
850658	0	2	65
850658	15	5	50
850658	37	0	35
850658	59	4	52
850660	0	1	67
850660	15	5	45
850660	37	1	40
850660	59	6	52
850664	0	3	67
850664	15	14	45
850664	37	3	38
850664	59	11	54
850697	0	6	61
850697	15	2	46
850697	37	4	42
850697	59	6	41
850962	0	25	89
850962	15	12	37
850962	37	15	31
850962	59	46	74
851782	0	10	71
851782	15	6	28
851782	37	2	29
851782	59	5	70
852025	0	20	91
852025	15	6	42
852025	37	4	48
852025	59	3	71
852169	0	3	82
852169	15	1	22
852169	37	1	20
852169	59	2	33
852420	0	10	104
852420	15	0	41
852420	37	6	46
852420	59	5	111
852448	0	19	94
852448	15	10	48
852448	37	15	49
852448	59	18	107
853331	0	1	99
853331	15	0	55
853331	37	0	37
853331	59	0	101
853451	0	23	120
853451	15	24	78
853451	37	27	60
853451	59	33	77
853503	0	1	116
853503	15	0	64
853503	37	0	47
853503	59	0	74
854283	0	45	99
854283	15	21	51
854283	37	13	44
854283	59	14	85
854509	0	1	123
854509	15	0	74
854509	37	0	40
854509	59	0	87
856386	0	8	77
856386	15	6	62
856386	37	12	41
856386	59	24	89
857894	0	3	66
857894	15	1	37
857894	37	1	34
857894	59	1	75
858728	0	32	93
858728	15	30	52
858728	37	20	42
858728	59	47	65
858840	0	19	69
858840	15	11	42
858840	37	8	32
858840	59	12	78
859185	0	1	91
859185	15	2	52
859185	37	0	30
859185	59	3	70
863619	0	14	83
863619	15	2	31
863619	37	3	32
863619	59	0	66
863911	0	4	76
863911	15	3	48
863911	37	2	52
863911	59	5	84
865184	0	12	52
865184	15	12	45
865184	37	5	28
865184	59	12	56
865235	0	17	70
865235	15	15	56
865235	37	8	29
865235	59	16	58
865245	0	18	76
865245	15	17	53
865245	37	11	31
865245	59	21	65
865364	0	27	58
865364	15	20	45
865364	37	20	39
865364	59	35	58
867715	0	1	65
867715	15	0	23
867715	37	0	35
867715	59	0	76
873404	0	3	69
873404	15	2	19
873404	37	2	31
873404	59	2	85
874127	0	10	67
874127	15	10	32
874127	37	13	43
874127	59	12	68
876583	0	5	93
876583	15	3	48
876583	37	0	45
876583	59	3	89
877270	0	9	88
877270	15	6	58
877270	37	5	42
877270	59	11	97
877429	0	38	78
877429	15	17	47
877429	37	22	50
877429	59	39	90
877700	0	30	89
877700	15	15	46
877700	37	19	47
877700	59	56	93
881015	0	7	90
881015	15	3	43
881015	37	4	19
881015	59	26	96
882707	0	10	97
882707	15	8	61
882707	37	2	59
882707	59	1	98
882821	0	6	111
882821	15	3	44
882821	37	5	31
882821	59	11	83
883062	0	14	80
883062	15	6	58
883062	37	15	47
883062	59	17	55
884031	0	1	114
884031	15	2	85
884031	37	4	53
884031	59	13	93
884197	0	7	56
884197	15	4	40
884197	37	2	31
884197	59	3	56
884824	0	12	96
884824	15	8	49
884824	37	8	45
884824	59	24	91
885048	0	24	78
885048	15	12	50
885048	37	6	59
885048	59	3	68
885587	0	33	82
885587	15	11	18
885587	37	21	39
885587	59	32	80
885896	0	2	79
885896	15	3	39
885896	37	2	37
885896	59	0	88
887054	0	43	87
887054	15	15	38
887054	37	13	31
887054	59	22	66
887576	0	37	82
887576	15	17	35
887576	37	17	41
887576	59	29	92
887687	0	21	98
887687	15	13	50
887687	37	10	40
887687	59	25	101
888503	0	20	56
888503	15	15	43
888503	37	4	15
888503	59	19	92
889075	0	42	97
889075	15	22	49
889075	37	35	61
889075	59	30	73
889976	0	47	97
889976	15	18	35
889976	37	25	43
889976	59	47	109
890586	0	9	81
890586	15	3	18
890586	37	13	50
890586	59	21	100
891118	0	23	74
891118	15	8	35
891118	37	5	25
891118	59	37	107
893132	0	14	88
893132	15	5	38
893132	37	7	48
893132	59	14	97
893270	0	4	83
893270	15	2	56
893270	37	8	45
893270	59	1	90
893486	0	5	71
893486	15	1	43
893486	37	0	27
893486	59	0	58
893883	0	1	61
893883	15	1	23
893883	37	5	32
893883	59	3	70
894324	0	8	80
894324	15	11	60
894324	37	7	53
894324	59	25	88
895367	0	4	63
895367	15	1	24
895367	37	2	30
895367	59	2	63
895883	0	25	95
895883	15	8	79
895883	37	3	43
895883	59	2	74
896593	0	8	64
896593	15	5	27
896593	37	8	40
896593	59	17	90
896622	0	2	55
896622	15	4	23
896622	37	2	36
896622	59	7	111
897176	0	13	67
897176	15	13	60
897176	37	6	28
897176	59	22	76
897559	0	31	92
897559	15	31	74
897559	37	18	36
897559	59	41	98
898442	0	33	97
898442	15	10	34
898442	37	9	46
898442	59	15	91
899841	0	22	92
899841	15	8	28
899841	37	10	42
899841	59	27	85
903318	0	20	97
903318	15	5	48
903318	37	4	46
903318	59	0	86
904179	0	43	93
904179	15	28	52
904179	37	32	51
904179	59	76	89
904654	0	39	107
904654	15	20	42
904654	37	31	47
904654	59	60	76
905102	0	13	60
905102	15	12	22
905102	37	24	39
905102	59	50	92
908115	0	8	102
908115	15	9	77
908115	37	5	45
908115	59	5	88
908144	0	4	107
908144	15	0	73
908144	37	0	48
908144	59	1	90
908535	0	11	114
908535	15	4	51
908535	37	4	39
908535	59	21	76
908776	0	1	80
908776	15	0	65
908776	37	1	42
908776	59	5	79
909490	0	16	76
909490	15	12	42
909490	37	8	23
909490	59	21	65
909588	0	2	47
909588	15	2	63
909588	37	0	26
909588	59	0	65
909610	0	9	58
909610	15	13	60
909610	37	6	23
909610	59	10	61
910387	0	2	83
910387	15	0	55
910387	37	0	53
910387	59	0	93
912049	0	36	102
912049	15	24	58
912049	37	21	47
912049	59	40	71
912124	0	11	63
912124	15	8	49
912124	37	5	41
912124	59	13	75
913339	0	22	104
913339	15	6	61
913339	37	10	47
913339	59	24	107
913974	0	9	88
913974	15	5	38
913974	37	14	56
913974	59	11	75
914163	0	39	109
914163	15	27	54
914163	37	21	50
914163	59	40	80
914494	0	34	109
914494	15	15	47
914494	37	28	56
914494	59	51	83
914523	0	36	109
914523	15	16	41
914523	37	27	57
914523	59	62	100
915222	0	16	75
915222	15	3	18
915222	37	3	44
915222	59	0	89
916925	0	30	102
916925	15	24	52
916925	37	23	42
916925	59	49	82
918177	0	30	86
918177	15	14	37
918177	37	15	48
918177	59	40	84
918560	0	34	86
918560	15	17	33
918560	37	23	48
918560	59	57	95
918678	0	33	83
918678	15	13	42
918678	37	14	52
918678	59	19	95
919880	0	6	82
919880	15	7	43
919880	37	7	28
919880	59	14	82
919932	0	30	97
919932	15	9	29
919932	37	7	19
919932	59	29	94
920447	0	12	103
920447	15	6	58
920447	37	13	62
920447	59	5	86
920448	0	3	104
920448	15	3	66
920448	37	2	61
920448	59	0	83
921680	0	27	75
921680	15	13	39
921680	37	23	41
921680	59	39	97
922385	0	36	94
922385	15	35	73
922385	37	19	46
922385	59	48	82
922700	0	20	107
922700	15	3	51
922700	37	7	53
922700	59	17	87
923429	0	1	108
923429	15	0	59
923429	37	0	37
923429	59	4	112
923904	0	23	116
923904	15	13	57
923904	37	10	49
923904	59	16	90
923917	0	26	117
923917	15	13	41
923917	37	12	48
923917	59	14	79
924040	0	6	75
924040	15	0	42
924040	37	5	40
924040	59	1	84
924425	0	15	118
924425	15	10	30
924425	37	2	49
924425	59	16	114
924785	0	47	107
924785	15	21	48
924785	37	18	56
924785	59	19	73
924887	0	2	94
924887	15	1	45
924887	37	2	53
924887	59	6	99
925536	0	30	71
925536	15	39	59
925536	37	22	38
925536	59	62	88
925841	0	2	85
925841	15	0	64
925841	37	0	51
925841	59	0	63
925990	0	32	114
925990	15	18	69
925990	37	9	39
925990	59	26	86
926005	0	7	111
926005	15	10	74
926005	37	2	40
926005	59	0	85
926015	0	4	113
926015	15	6	72
926015	37	2	42
926015	59	0	85
926514	0	14	77
926514	15	1	24
926514	37	5	40
926514	59	0	73
927903	0	3	60
927903	15	0	49
927903	37	0	31
927903	59	0	81
928417	0	4	69
928417	15	6	50
928417	37	4	38
928417	59	12	66
928477	0	23	51
928477	15	10	20
928477	37	9	27
928477	59	16	64
929730	0	33	69
929730	15	34	53
929730	37	16	25
929730	59	25	34
934649	0	34	76
934649	15	16	40
934649	37	13	38
934649	59	14	54
936964	0	2	106
936964	15	3	52
936964	37	1	39
936964	59	4	108
938352	0	11	105
938352	15	9	65
938352	37	13	41
938352	59	13	71
940813	0	1	77
940813	15	0	45
940813	37	0	31
940813	59	0	44
941113	0	23	110
941113	15	18	76
941113	37	3	49
941113	59	1	64
942752	0	25	87
942752	15	6	17
942752	37	16	44
942752	59	15	87
943229	0	26	106
943229	15	7	36
943229	37	4	48
943229	59	3	104
944596	0	25	91
944596	15	10	60
944596	37	0	25
944596	59	0	69
945024	0	15	86
945024	15	7	40
945024	37	4	36
945024	59	0	62
945107	0	3	79
945107	15	0	30
945107	37	0	43
945107	59	0	62
945174	0	1	64
945174	15	0	25
945174	37	1	31
945174	59	0	73
945250	0	35	74
945250	15	13	35
945250	37	14	33
945250	59	31	67
945289	0	1	81
945289	15	3	33
945289	37	0	33
945289	59	2	65
945290	0	2	79
945290	15	0	33
945290	37	1	31
945290	59	0	65
945291	0	1	74
945291	15	3	29
945291	37	1	31
945291	59	5	68
945296	0	1	72
945296	15	0	28
945296	37	0	33
945296	59	0	75
945577	0	15	70
945577	15	7	58
945577	37	7	45
945577	59	16	113
945632	0	16	79
945632	15	8	49
945632	37	4	42
945632	59	3	95
945905	0	9	70
945905	15	4	34
945905	37	8	32
945905	59	21	93
945906	0	7	68
945906	15	4	32
945906	37	8	32
945906	59	17	89
947748	0	1	43
947748	15	0	18
947748	37	1	23
947748	59	4	109
947783	0	1	41
947783	15	1	27
947783	37	0	34
947783	59	0	91
948697	0	8	85
948697	15	7	38
948697	37	4	57
948697	59	11	60
948837	0	43	93
948837	15	13	37
948837	37	10	45
948837	59	26	88
949393	0	1	70
949393	15	0	28
949393	37	1	34
949393	59	0	68
949399	0	5	65
949399	15	3	26
949399	37	4	31
949399	59	11	66
950020	0	32	78
950020	15	7	19
950020	37	11	29
950020	59	17	74
951019	0	4	107
951019	15	1	50
951019	37	0	55
951019	59	1	100
958079	0	15	92
958079	15	13	46
958079	37	14	46
958079	59	25	78
959598	0	13	79
959598	15	10	57
959598	37	6	42
959598	59	17	69
960702	0	28	103
960702	15	6	57
960702	37	8	51
960702	59	0	72
960763	0	8	124
960763	15	2	44
960763	37	5	37
960763	59	12	70
960900	0	25	86
960900	15	9	57
960900	37	4	35
960900	59	1	81
960927	0	35	103
960927	15	7	47
960927	37	3	41
960927	59	0	63
961050	0	39	90
961050	15	21	72
961050	37	10	24
961050	59	13	76
961386	0	11	98
961386	15	6	53
961386	37	5	35
961386	59	16	114
961659	0	1	74
961659	15	0	41
961659	37	4	44
961659	59	9	81
962616	0	21	66
962616	15	7	54
962616	37	7	35
962616	59	11	94
963176	0	20	67
963176	15	7	40
963176	37	4	27
963176	59	15	108
963476	0	3	82
963476	15	3	45
963476	37	3	34
963476	59	6	82
963763	0	16	82
963763	15	9	39
963763	37	2	31
963763	59	5	85
963818	0	1	81
963818	15	0	46
963818	37	0	39
963818	59	0	86
967150	0	14	73
967150	15	8	46
967150	37	3	34
967150	59	0	80
968181	0	19	107
968181	15	6	38
968181	37	9	45
968181	59	11	99
968415	0	2	61
968415	15	4	19
968415	37	5	33
968415	59	14	84
968457	0	6	64
968457	15	6	34
968457	37	0	31
968457	59	23	94
970194	0	7	115
970194	15	1	48
970194	37	1	47
970194	59	1	114
972519	0	34	83
972519	15	17	44
972519	37	15	56
972519	59	26	108
973171	0	3	103
973171	15	1	33
973171	37	1	37
973171	59	7	105
973222	0	37	89
973222	15	20	36
973222	37	33	45
973222	59	62	82
974038	0	6	100
974038	15	2	15
974038	37	0	36
974038	59	0	80
975007	0	13	95
975007	15	8	38
975007	37	4	47
975007	59	4	90
978162	0	26	85
978162	15	10	77
978162	37	1	39
978162	59	0	109
980135	0	15	50
980135	15	12	30
980135	37	20	24
980135	59	79	103
982210	0	42	96
982210	15	18	46
982210	37	14	52
982210	59	24	94
982544	0	38	77
982544	15	18	52
982544	37	12	35
982544	59	31	87
982845	0	14	82
982845	15	7	32
982845	37	7	39
982845	59	15	85
983254	0	40	86
983254	15	21	59
983254	37	19	60
983254	59	31	92
983467	0	30	107
983467	15	4	31
983467	37	8	54
983467	59	0	81
987585	0	15	80
987585	15	7	24
987585	37	7	32
987585	59	16	89
988326	0	60	121
988326	15	36	61
988326	37	19	46
988326	59	34	67
988984	0	1	66
988984	15	2	40
988984	37	1	39
988984	59	1	61
989001	0	4	67
989001	15	2	37
989001	37	4	44
989001	59	2	61
989002	0	2	62
989002	15	2	43
989002	37	3	41
989002	59	2	61
989003	0	2	61
989003	15	2	45
989003	37	2	42
989003	59	2	64
989386	0	55	116
989386	15	17	35
989386	37	13	42
989386	59	25	85
990885	0	26	54
990885	15	11	31
990885	37	6	26
990885	59	16	73
992270	0	35	77
992270	15	7	24
992270	37	8	40
992270	59	22	79
993224	0	31	67
993224	15	4	16
993224	37	14	38
993224	59	19	76
993901	0	44	93
993901	15	18	37
993901	37	19	48
993901	59	10	76
994587	0	29	79
994587	15	14	48
994587	37	16	45
994587	59	14	63
995107	0	32	83
995107	15	8	37
995107	37	9	30
995107	59	12	69
995360	0	31	96
995360	15	14	52
995360	37	12	56
995360	59	21	85
996493	0	1	86
996493	15	2	62
996493	37	1	45
996493	59	7	97
996844	0	34	91
996844	15	21	55
996844	37	17	56
996844	59	23	95
997146	0	17	50
997146	15	9	34
997146	37	6	26
997146	59	24	79
997626	0	20	58
997626	15	7	23
997626	37	5	15
997626	59	12	67
999190	0	44	92
999190	15	9	34
999190	37	10	31
999190	59	29	102
999322	0	45	104
999322	15	19	49
999322	37	7	29
999322	59	19	91
999326	0	46	105
999326	15	19	47
999326	37	8	28
999326	59	20	91
999329	0	49	110
999329	15	18	46
999329	37	7	28
999329	59	20	84
999568	0	25	83
999568	15	8	34
999568	37	16	50
999568	59	29	87
1000326	0	37	77
1000326	15	12	51
1000326	37	16	52
1000326	59	19	91
1002618	0	1	88
1002618	15	0	51
1002618	37	3	38
1002618	59	2	83
1002735	0	35	75
1002735	15	35	53
1002735	37	29	37
1002735	59	54	82
1003419	0	10	68
1003419	15	6	27
1003419	37	5	27
1003419	59	22	99
1005256	0	15	46
1005256	15	11	30
1005256	37	7	19
1005256	59	16	80
1005868	0	48	101
1005868	15	17	42
1005868	37	7	42
1005868	59	13	59
1006584	0	34	78
1006584	15	15	34
1006584	37	7	27
1006584	59	28	89
1006637	0	40	87
1006637	15	9	16
1006637	37	12	37
1006637	59	19	94
1006792	0	40	93
1006792	15	11	33
1006792	37	10	42
1006792	59	11	65
1007463	0	49	102
1007463	15	13	49
1007463	37	11	47
1007463	59	25	102
1008180	0	1	62
1008180	15	5	39
1008180	37	2	40
1008180	59	0	55
1008339	0	2	43
1008339	15	0	32
1008339	37	2	23
1008339	59	0	75
1008343	0	2	47
1008343	15	0	34
1008343	37	2	24
1008343	59	0	78
1008350	0	2	49
1008350	15	0	37
1008350	37	2	26
1008350	59	0	86
1009575	0	23	92
1009575	15	7	36
1009575	37	6	50
1009575	59	2	76
1009604	0	37	105
1009604	15	5	21
1009604	37	11	49
1009604	59	19	83
1010542	0	1	79
1010542	15	2	37
1010542	37	0	25
1010542	59	0	78
1010795	0	25	69
1010795	15	13	41
1010795	37	8	26
1010795	59	14	72
1011769	0	44	121
1011769	15	14	40
1011769	37	19	52
1011769	59	32	94
1011907	0	20	68
1011907	15	13	34
1011907	37	9	23
1011907	59	31	59
1011931	0	20	70
1011931	15	11	33
1011931	37	3	18
1011931	59	12	41
1011970	0	40	88
1011970	15	29	53
1011970	37	21	33
1011970	59	51	81
1012224	0	27	70
1012224	15	16	43
1012224	37	16	37
1012224	59	19	82
1012307	0	9	102
1012307	15	3	37
1012307	37	10	56
1012307	59	16	87
1012359	0	4	98
1012359	15	0	30
1012359	37	2	57
1012359	59	1	93
1012360	0	2	101
1012360	15	0	34
1012360	37	1	57
1012360	59	0	93
1014256	0	9	102
1014256	15	1	38
1014256	37	0	47
1014256	59	2	94
1014427	0	18	98
1014427	15	4	45
1014427	37	9	34
1014427	59	4	91
1014680	0	1	67
1014680	15	2	50
1014680	37	1	41
1014680	59	1	72
1015605	0	1	99
1015605	15	2	41
1015605	37	3	41
1015605	59	2	51
1017057	0	7	107
1017057	15	5	78
1017057	37	4	45
1017057	59	21	82
1017249	0	3	73
1017249	15	1	42
1017249	37	1	28
1017249	59	0	73
1017920	0	1	118
1017920	15	0	33
1017920	37	0	45
1017920	59	0	108
1018293	0	5	82
1018293	15	1	53
1018293	37	1	57
1018293	59	1	72
1022377	0	14	86
1022377	15	8	42
1022377	37	1	58
1022377	59	5	83
1023243	0	5	73
1023243	15	3	26
1023243	37	5	31
1023243	59	8	51
1023449	0	24	98
1023449	15	8	44
1023449	37	5	53
1023449	59	0	94
1023575	0	18	86
1023575	15	8	49
1023575	37	4	41
1023575	59	12	79
1024735	0	4	43
1024735	15	2	21
1024735	37	8	23
1024735	59	12	76
1025587	0	12	85
1025587	15	10	56
1025587	37	2	33
1025587	59	7	79
1027389	0	1	106
1027389	15	0	37
1027389	37	0	47
1027389	59	0	109
1028630	0	15	75
1028630	15	2	40
1028630	37	5	38
1028630	59	3	66
1029121	0	14	84
1029121	15	14	66
1029121	37	3	45
1029121	59	1	85
1029167	0	9	73
1029167	15	8	58
1029167	37	4	32
1029167	59	4	88
1029173	0	10	72
1029173	15	5	55
1029173	37	3	29
1029173	59	4	92
1029302	0	21	48
1029302	15	9	28
1029302	37	5	20
1029302	59	6	77
1030717	0	1	91
1030717	15	1	23
1030717	37	3	46
1030717	59	15	94
1030860	0	19	85
1030860	15	7	42
1030860	37	3	46
1030860	59	0	81
1033359	0	6	87
1033359	15	5	37
1033359	37	3	47
1033359	59	25	86
1033830	0	1	51
1033830	15	0	26
1033830	37	0	45
1033830	59	0	91
1034501	0	2	87
1034501	15	1	20
1034501	37	2	46
1034501	59	2	95
1034904	0	24	89
1034904	15	7	35
1034904	37	5	44
1034904	59	16	114
1036408	0	25	78
1036408	15	12	37
1036408	37	6	33
1036408	59	3	68
1036720	0	1	93
1036720	15	2	34
1036720	37	1	37
1036720	59	3	79
1044124	0	28	87
1044124	15	17	44
1044124	37	4	23
1044124	59	15	82
1045770	0	34	74
1045770	15	9	38
1045770	37	9	40
1045770	59	8	83
1046585	0	37	98
1046585	15	14	60
1046585	37	8	53
1046585	59	8	108
1048310	0	6	121
1048310	15	6	44
1048310	37	1	55
1048310	59	11	87
1048312	0	28	122
1048312	15	9	41
1048312	37	7	57
1048312	59	15	87
1048656	0	7	98
1048656	15	10	67
1048656	37	14	49
1048656	59	27	97
1048778	0	5	85
1048778	15	14	58
1048778	37	8	42
1048778	59	14	69
1049098	0	12	78
1049098	15	2	50
1049098	37	7	42
1049098	59	7	89
1049303	0	5	73
1049303	15	3	43
1049303	37	2	34
1049303	59	10	102
1050327	0	45	105
1050327	15	28	63
1050327	37	18	49
1050327	59	39	111
1050328	0	43	99
1050328	15	25	59
1050328	37	17	46
1050328	59	37	110
1050330	0	43	101
1050330	15	28	66
1050330	37	18	47
1050330	59	38	113
1050514	0	25	126
1050514	15	14	52
1050514	37	10	50
1050514	59	9	103
1052814	0	2	42
1052814	15	1	26
1052814	37	0	39
1052814	59	2	60
1053313	0	3	55
1053313	15	1	19
1053313	37	0	36
1053313	59	0	86
1053314	0	3	55
1053314	15	1	21
1053314	37	0	36
1053314	59	0	87
1053316	0	3	56
1053316	15	1	19
1053316	37	0	37
1053316	59	0	93
1055410	0	2	104
1055410	15	0	27
1055410	37	0	45
1055410	59	0	83
1055799	0	5	59
1055799	15	1	26
1055799	37	5	43
1055799	59	6	64
1057697	0	8	91
1057697	15	1	30
1057697	37	7	48
1057697	59	20	89
1058492	0	7	91
1058492	15	1	27
1058492	37	1	46
1058492	59	1	91
1058493	0	6	89
1058493	15	1	27
1058493	37	0	47
1058493	59	1	96
1059286	0	5	70
1059286	15	3	38
1059286	37	3	43
1059286	59	8	80
1059494	0	43	88
1059494	15	23	52
1059494	37	14	38
1059494	59	33	96
1059802	0	8	62
1059802	15	5	35
1059802	37	6	30
1059802	59	6	80
1062653	0	22	45
1062653	15	19	38
1062653	37	18	41
1062653	59	26	95
1065983	0	1	68
1065983	15	3	21
1065983	37	1	29
1065983	59	2	73
1068059	0	4	117
1068059	15	0	43
1068059	37	0	39
1068059	59	0	80
1068956	0	9	82
1068956	15	11	24
1068956	37	6	28
1068956	59	34	97
1069117	0	3	64
1069117	15	1	43
1069117	37	1	35
1069117	59	0	80
1069624	0	3	60
1069624	15	3	46
1069624	37	2	25
1069624	59	1	74
1069776	0	3	49
1069776	15	1	30
1069776	37	5	25
1069776	59	9	81
1069937	0	3	49
1069937	15	1	22
1069937	37	2	17
1069937	59	16	74
1070161	0	3	78
1070161	15	4	38
1070161	37	6	43
1070161	59	15	89
1071391	0	10	75
1071391	15	5	35
1071391	37	8	53
1071391	59	21	106
1071651	0	8	111
1071651	15	3	48
1071651	37	7	60
1071651	59	16	95
1071908	0	3	98
1071908	15	3	69
1071908	37	1	51
1071908	59	0	90
1072176	0	6	91
1072176	15	16	60
1072176	37	3	33
1072176	59	10	65
1072180	0	4	94
1072180	15	0	62
1072180	37	1	36
1072180	59	5	71
1073300	0	4	81
1073300	15	1	25
1073300	37	5	41
1073300	59	19	96
1073522	0	5	90
1073522	15	8	27
1073522	37	9	45
1073522	59	25	85
1074431	0	3	60
1074431	15	0	34
1074431	37	0	33
1074431	59	0	92
1074841	0	10	50
1074841	15	13	34
1074841	37	10	32
1074841	59	18	62
1075762	0	6	74
1075762	15	4	38
1075762	37	3	43
1075762	59	14	85
1075983	0	3	102
1075983	15	3	49
1075983	37	1	32
1075983	59	3	110
1076263	0	2	107
1076263	15	2	64
1076263	37	2	49
1076263	59	0	84
1076265	0	6	102
1076265	15	10	56
1076265	37	4	46
1076265	59	17	84
1076420	0	40	87
1076420	15	27	61
1076420	37	18	46
1076420	59	18	70
1076609	0	7	88
1076609	15	5	49
1076609	37	4	40
1076609	59	3	66
1077574	0	3	89
1077574	15	3	67
1077574	37	1	52
1077574	59	0	110
1077709	0	3	86
1077709	15	0	47
1077709	37	0	45
1077709	59	0	89
1082684	0	15	55
1082684	15	6	33
1082684	37	1	32
1082684	59	0	65
1083320	0	2	81
1083320	15	1	39
1083320	37	0	28
1083320	59	0	105
1083551	0	2	113
1083551	15	3	42
1083551	37	1	55
1083551	59	0	91
1084542	0	8	78
1084542	15	0	16
1084542	37	3	40
1084542	59	11	99
1084795	0	12	61
1084795	15	7	30
1084795	37	3	20
1084795	59	6	77
1084796	0	12	62
1084796	15	7	28
1084796	37	3	21
1084796	59	6	80
1084797	0	12	62
1084797	15	5	25
1084797	37	3	21
1084797	59	6	79
1086144	0	3	85
1086144	15	2	36
1086144	37	3	43
1086144	59	3	79
1086375	0	1	83
1086375	15	0	34
1086375	37	0	38
1086375	59	0	82
1086376	0	1	80
1086376	15	0	37
1086376	37	0	39
1086376	59	0	81
1086377	0	1	81
1086377	15	0	34
1086377	37	0	39
1086377	59	0	82
1086446	0	9	80
1086446	15	1	36
1086446	37	1	46
1086446	59	4	86
1087512	0	4	94
1087512	15	6	58
1087512	37	4	43
1087512	59	7	89
1089726	0	3	61
1089726	15	1	32
1089726	37	2	33
1089726	59	5	73
1090294	0	2	104
1090294	15	1	55
1090294	37	2	47
1090294	59	0	75
1094726	0	3	112
1094726	15	0	47
1094726	37	0	45
1094726	59	0	99
1095950	0	2	117
1095950	15	0	63
1095950	37	0	50
1095950	59	0	88
1096674	0	1	102
1096674	15	2	35
1096674	37	0	47
1096674	59	0	70
1098645	0	4	82
1098645	15	0	55
1098645	37	0	33
1098645	59	0	86
1101284	0	21	95
1101284	15	3	40
1101284	37	2	46
1101284	59	1	67
1102930	0	32	88
1102930	15	23	51
1102930	37	8	44
1102930	59	4	88
1109560	0	8	88
1109560	15	0	49
1109560	37	1	55
1109560	59	0	79
1114597	0	3	89
1114597	15	1	38
1114597	37	1	50
1114597	59	0	92
1114806	0	6	64
1114806	15	2	31
1114806	37	2	38
1114806	59	2	94
1119113	0	1	85
1119113	15	1	69
1119113	37	0	38
1119113	59	14	63
1119870	0	30	99
1119870	15	8	48
1119870	37	14	48
1119870	59	23	95
1119896	0	2	101
1119896	15	0	56
1119896	37	0	49
1119896	59	0	93
1125686	0	3	97
1125686	15	1	41
1125686	37	1	35
1125686	59	0	78
1125945	0	12	55
1125945	15	18	47
1125945	37	8	38
1125945	59	18	50
1127702	0	6	94
1127702	15	7	35
1127702	37	5	42
1127702	59	12	96
1127706	0	4	99
1127706	15	4	34
1127706	37	5	42
1127706	59	4	98
1127709	0	5	106
1127709	15	1	32
1127709	37	2	42
1127709	59	1	95
1131714	0	25	111
1131714	15	12	59
1131714	37	4	60
1131714	59	4	73
1131966	0	12	85
1131966	15	1	52
1131966	37	2	40
1131966	59	1	80
1133799	0	6	91
1133799	15	3	51
1133799	37	2	41
1133799	59	4	87
1133800	0	6	93
1133800	15	3	42
1133800	37	2	40
1133800	59	4	89
1136673	0	1	68
1136673	15	1	30
1136673	37	3	31
1136673	59	6	89
1138584	0	8	77
1138584	15	0	36
1138584	37	0	22
1138584	59	0	81
1138604	0	19	78
1138604	15	4	47
1138604	37	5	29
1138604	59	3	72
1138645	0	7	91
1138645	15	1	43
1138645	37	1	34
1138645	59	1	80
1139110	0	34	101
1139110	15	17	55
1139110	37	12	33
1139110	59	17	60
1142140	0	15	99
1142140	15	3	29
1142140	37	1	40
1142140	59	4	82
1142357	0	9	96
1142357	15	3	25
1142357	37	2	52
1142357	59	6	78
1143187	0	6	74
1143187	15	0	29
1143187	37	1	41
1143187	59	3	86
1144120	0	3	79
1144120	15	3	29
1144120	37	3	38
1144120	59	5	71
1144486	0	13	110
1144486	15	1	40
1144486	37	0	42
1144486	59	1	96
1147089	0	1	56
1147089	15	1	23
1147089	37	1	35
1147089	59	0	74
1147212	0	6	69
1147212	15	1	29
1147212	37	0	27
1147212	59	1	59
1147271	0	4	39
1147271	15	1	16
1147271	37	0	26
1147271	59	0	72
1148197	0	15	110
1148197	15	3	36
1148197	37	1	53
1148197	59	11	79
1149512	0	15	98
1149512	15	1	29
1149512	37	4	42
1149512	59	5	101
1150485	0	18	82
1150485	15	0	39
1150485	37	2	38
1150485	59	4	89
1150564	0	14	73
1150564	15	11	46
1150564	37	14	26
1150564	59	36	92
1150599	0	6	67
1150599	15	3	44
1150599	37	1	29
1150599	59	1	84
1150606	0	1	63
1150606	15	0	39
1150606	37	2	28
1150606	59	3	95
1151593	0	4	94
1151593	15	1	33
1151593	37	0	46
1151593	59	0	78
1151607	0	2	96
1151607	15	1	36
1151607	37	0	49
1151607	59	0	70
1151633	0	38	95
1151633	15	11	30
1151633	37	10	49
1151633	59	9	88
1154049	0	1	106
1154049	15	1	78
1154049	37	0	33
1154049	59	1	83
1154210	0	6	94
1154210	15	4	51
1154210	37	1	37
1154210	59	1	71
1155675	0	12	88
1155675	15	0	35
1155675	37	0	44
1155675	59	1	65
1156212	0	5	56
1156212	15	0	33
1156212	37	4	24
1156212	59	0	65
1156750	0	5	58
1156750	15	0	51
1156750	37	0	21
1156750	59	0	65
1156799	0	8	58
1156799	15	6	46
1156799	37	0	23
1156799	59	0	94
1156877	0	1	64
1156877	15	2	47
1156877	37	0	26
1156877	59	0	103
1156891	0	12	71
1156891	15	6	63
1156891	37	2	29
1156891	59	1	101
1157184	0	1	59
1157184	15	7	51
1157184	37	1	29
1157184	59	1	71
1157232	0	4	45
1157232	15	2	39
1157232	37	2	18
1157232	59	0	53
1157284	0	6	82
1157284	15	1	83
1157284	37	3	45
1157284	59	0	65
1157672	0	5	91
1157672	15	0	44
1157672	37	1	27
1157672	59	0	64
1157782	0	9	67
1157782	15	2	25
1157782	37	3	29
1157782	59	0	68
1159613	0	13	96
1159613	15	1	39
1159613	37	0	60
1159613	59	2	76
1160352	0	1	77
1160352	15	1	25
1160352	37	3	50
1160352	59	2	95
1160795	0	3	94
1160795	15	0	58
1160795	37	0	48
1160795	59	4	68
1161224	0	9	67
1161224	15	5	49
1161224	37	4	36
1161224	59	1	84
1161551	0	2	80
1161551	15	0	49
1161551	37	3	47
1161551	59	3	95
1162633	0	24	78
1162633	15	17	49
1162633	37	7	34
1162633	59	8	107
1162875	0	4	83
1162875	15	2	51
1162875	37	1	47
1162875	59	4	82
1163059	0	4	81
1163059	15	4	37
1163059	37	6	37
1163059	59	11	72
1163165	0	7	60
1163165	15	7	50
1163165	37	4	35
1163165	59	2	72
1163281	0	3	66
1163281	15	6	53
1163281	37	0	34
1163281	59	0	67
1163376	0	19	79
1163376	15	1	43
1163376	37	7	39
1163376	59	2	82
1168387	0	3	98
1168387	15	1	43
1168387	37	0	44
1168387	59	1	88
1170142	0	2	77
1170142	15	2	55
1170142	37	0	42
1170142	59	0	69
1172121	0	4	99
1172121	15	0	25
1172121	37	1	35
1172121	59	1	95
1172538	0	1	71
1172538	15	2	30
1172538	37	1	36
1172538	59	3	86
1172791	0	15	101
1172791	15	0	26
1172791	37	2	36
1172791	59	0	86
1172835	0	2	107
1172835	15	0	26
1172835	37	3	48
1172835	59	0	87
1173026	0	28	87
1173026	15	10	28
1173026	37	8	35
1173026	59	5	84
1176490	0	6	74
1176490	15	5	37
1176490	37	1	30
1176490	59	0	99
1176591	0	12	65
1176591	15	4	23
1176591	37	1	37
1176591	59	1	65
1176923	0	7	47
1176923	15	3	22
1176923	37	1	34
1176923	59	6	72
1176964	0	5	52
1176964	15	3	32
1176964	37	0	32
1176964	59	1	64
1176965	0	5	48
1176965	15	3	32
1176965	37	0	33
1176965	59	1	64
1177121	0	6	43
1177121	15	2	15
1177121	37	0	37
1177121	59	1	84
1177216	0	11	60
1177216	15	3	35
1177216	37	2	27
1177216	59	4	71
1184246	0	8	78
1184246	15	1	40
1184246	37	0	26
1184246	59	1	73
1184250	0	4	79
1184250	15	4	40
1184250	37	0	27
1184250	59	0	66
1185361	0	9	90
1185361	15	0	44
1185361	37	0	52
1185361	59	0	69
1185682	0	2	121
1185682	15	3	45
1185682	37	7	44
1185682	59	2	109
1185689	0	12	120
1185689	15	3	52
1185689	37	0	40
1185689	59	2	101
1185975	0	11	76
1185975	15	2	26
1185975	37	2	30
1185975	59	0	75
1186698	0	4	104
1186698	15	4	52
1186698	37	1	32
1186698	59	2	87
1189952	0	3	79
1189952	15	3	35
1189952	37	8	40
1189952	59	1	92
1190136	0	24	106
1190136	15	8	47
1190136	37	3	51
1190136	59	2	86
1190676	0	20	112
1190676	15	2	30
1190676	37	1	51
1190676	59	6	101
1191499	0	8	93
1191499	15	10	82
1191499	37	3	61
1191499	59	1	91
1191630	0	16	100
1191630	15	11	62
1191630	37	11	55
1191630	59	3	100
1192825	0	2	101
1192825	15	3	47
1192825	37	5	52
1192825	59	7	90
1194392	0	1	88
1194392	15	1	32
1194392	37	5	54
1194392	59	5	86
1195447	0	1	94
1195447	15	0	47
1195447	37	0	42
1195447	59	0	101
1199490	0	1	83
1199490	15	2	66
1199490	37	1	37
1199490	59	8	71
1201176	0	7	86
1201176	15	4	57
1201176	37	3	45
1201176	59	2	64
1202416	0	2	87
1202416	15	1	22
1202416	37	0	46
1202416	59	2	83
1205061	0	13	59
1205061	15	4	35
1205061	37	5	33
1205061	59	1	58
1206158	0	17	117
1206158	15	6	42
1206158	37	3	41
1206158	59	0	73
1207020	0	11	89
1207020	15	4	44
1207020	37	4	45
1207020	59	0	90
1209305	0	5	73
1209305	15	3	28
1209305	37	1	29
1209305	59	4	63
1209975	0	3	61
1209975	15	4	58
1209975	37	1	27
1209975	59	4	93
1210671	0	10	68
1210671	15	3	28
1210671	37	3	36
1210671	59	0	81
1212229	0	2	61
1212229	15	5	25
1212229	37	3	34
1212229	59	3	56
1213397	0	6	69
1213397	15	0	21
1213397	37	1	36
1213397	59	0	96
1213419	0	6	65
1213419	15	0	24
1213419	37	1	39
1213419	59	0	91
1213423	0	6	65
1213423	15	0	26
1213423	37	1	35
1213423	59	0	82
1213687	0	6	58
1213687	15	6	35
1213687	37	5	26
1213687	59	4	52
1213690	0	6	59
1213690	15	6	38
1213690	37	4	28
1213690	59	4	49
1213705	0	6	64
1213705	15	5	31
1213705	37	4	25
1213705	59	4	60
1213710	0	4	66
1213710	15	5	30
1213710	37	4	31
1213710	59	4	66
1213761	0	3	60
1213761	15	2	36
1213761	37	0	25
1213761	59	0	65
1216007	0	27	95
1216007	15	4	47
1216007	37	3	43
1216007	59	1	83
1217869	0	4	74
1217869	15	0	30
1217869	37	0	37
1217869	59	0	74
1218332	0	2	79
1218332	15	2	46
1218332	37	0	38
1218332	59	1	76
1218687	0	1	83
1218687	15	2	54
1218687	37	0	41
1218687	59	0	73
1222936	0	15	61
1222936	15	18	49
1222936	37	2	19
1222936	59	6	30
1223867	0	15	106
1223867	15	0	47
1223867	37	0	43
1223867	59	0	82
1227837	0	6	92
1227837	15	5	47
1227837	37	0	36
1227837	59	1	93
1230362	0	2	80
1230362	15	2	53
1230362	37	1	33
1230362	59	0	44
1230560	0	9	75
1230560	15	2	67
1230560	37	0	38
1230560	59	0	72
1230607	0	10	96
1230607	15	4	50
1230607	37	0	31
1230607	59	0	71
1230901	0	14	71
1230901	15	3	34
1230901	37	5	23
1230901	59	13	54
1232295	0	6	86
1232295	15	0	31
1232295	37	2	30
1232295	59	0	82
1234957	0	2	99
1234957	15	2	57
1234957	37	0	58
1234957	59	0	79
1236993	0	4	83
1236993	15	7	74
1236993	37	8	48
1236993	59	26	102
1237490	0	12	103
1237490	15	2	31
1237490	37	6	39
1237490	59	16	88
1246214	0	4	89
1246214	15	1	81
1246214	37	0	34
1246214	59	0	78
1246727	0	3	75
1246727	15	2	28
1246727	37	2	29
1246727	59	6	76
1246911	0	4	40
1246911	15	1	30
1246911	37	0	21
1246911	59	9	75
1247404	0	2	64
1247404	15	4	33
1247404	37	0	47
1247404	59	5	87
1248370	0	4	98
1248370	15	2	44
1248370	37	0	53
1248370	59	1	82
1248698	0	21	93
1248698	15	3	29
1248698	37	2	40
1248698	59	1	78
1249406	0	4	102
1249406	15	0	31
1249406	37	0	46
1249406	59	0	103
1252849	0	3	88
1252849	15	1	40
1252849	37	3	44
1252849	59	6	70
1252889	0	2	87
1252889	15	0	44
1252889	37	3	49
1252889	59	1	66
1252975	0	3	103
1252975	15	2	49
1252975	37	1	52
1252975	59	2	61
1253434	0	2	104
1253434	15	2	53
1253434	37	6	55
1253434	59	0	80
1254267	0	11	53
1254267	15	1	16
1254267	37	1	33
1254267	59	1	81
1254470	0	9	60
1254470	15	7	35
1254470	37	1	20
1254470	59	1	73
1266477	0	8	83
1266477	15	2	37
1266477	37	1	47
1266477	59	2	79
1266618	0	22	93
1266618	15	6	32
1266618	37	10	44
1266618	59	14	80
1267398	0	15	83
1267398	15	8	53
1267398	37	1	37
1267398	59	1	65
1267457	0	3	101
1267457	15	3	57
1267457	37	0	36
1267457	59	0	90
1268294	0	16	110
1268294	15	4	43
1268294	37	9	38
1268294	59	2	82
1270099	0	1	44
1270099	15	0	23
1270099	37	0	22
1270099	59	2	60
1274361	0	5	90
1274361	15	2	47
1274361	37	0	47
1274361	59	0	106
1274374	0	5	91
1274374	15	5	42
1274374	37	0	52
1274374	59	2	100
1275358	0	16	88
1275358	15	3	21
1275358	37	0	42
1275358	59	2	113
1275585	0	1	73
1275585	15	3	45
1275585	37	1	31
1275585	59	0	80
1275692	0	6	92
1275692	15	1	25
1275692	37	0	30
1275692	59	3	81
