30395	0	1	27
30395	15	4	49
30395	37	2	24
30395	59	14	70
61790	0	3	20
61790	15	19	65
61790	37	7	17
61790	59	34	117
64737	0	12	26
64737	15	21	51
64737	37	7	22
64737	59	47	76
65907	0	2	36
65907	15	2	72
65907	37	7	50
65907	59	3	130
66261	0	2	38
66261	15	0	56
66261	37	4	41
66261	59	0	102
66395	0	2	41
66395	15	0	81
66395	37	1	55
66395	59	1	118
66483	0	7	35
66483	15	28	75
66483	37	31	59
66483	59	38	98
68193	0	7	38
68193	15	15	51
68193	37	16	54
68193	59	20	99
68752	0	1	39
68752	15	3	88
68752	37	0	43
68752	59	0	94
69080	0	8	54
69080	15	7	89
69080	37	6	49
69080	59	3	111
69351	0	7	43
69351	15	19	73
69351	37	23	59
69351	59	39	95
71773	0	3	36
71773	15	9	53
71773	37	2	22
71773	59	8	85
71913	0	8	33
71913	15	17	48
71913	37	29	55
71913	59	26	126
72039	0	3	30
72039	15	5	62
72039	37	4	36
72039	59	13	93
72091	0	1	25
72091	15	1	80
72091	37	1	30
72091	59	11	128
72246	0	6	32
72246	15	8	48
72246	37	5	40
72246	59	9	86
81454	0	11	38
81454	15	21	74
81454	37	24	49
81454	59	30	103
81474	0	1	49
81474	15	1	64
81474	37	3	44
81474	59	1	116
82079	0	15	44
82079	15	28	90
82079	37	26	59
82079	59	35	89
82171	0	1	39
82171	15	3	94
82171	37	0	32
82171	59	1	92
82263	0	11	53
82263	15	19	76
82263	37	9	34
82263	59	35	99
82302	0	13	57
82302	15	20	90
82302	37	10	45
82302	59	20	83
83130	0	7	34
83130	15	8	61
83130	37	14	54
83130	59	5	126
83403	0	1	40
83403	15	4	89
83403	37	2	65
83403	59	0	131
83433	0	3	41
83433	15	4	87
83433	37	2	63
83433	59	1	123
84061	0	1	38
84061	15	5	74
84061	37	2	49
84061	59	5	90
84062	0	1	38
84062	15	4	72
84062	37	2	51
84062	59	3	86
84063	0	1	40
84063	15	2	74
84063	37	1	51
84063	59	2	89
84206	0	13	38
84206	15	22	55
84206	37	20	42
84206	59	31	109
84207	0	2	39
84207	15	2	55
84207	37	1	44
84207	59	17	111
84534	0	2	24
84534	15	9	61
84534	37	1	54
84534	59	7	112
85116	0	15	56
85116	15	9	77
85116	37	8	35
85116	59	39	109
85155	0	8	52
85155	15	30	86
85155	37	24	47
85155	59	37	116
85201	0	4	55
85201	15	2	87
85201	37	5	56
85201	59	0	120
85304	0	5	32
85304	15	2	63
85304	37	0	35
85304	59	1	94
85521	0	16	52
85521	15	20	58
85521	37	21	51
85521	59	32	86
85538	0	17	49
85538	15	26	63
85538	37	19	50
85538	59	38	81
86720	0	7	33
86720	15	26	71
86720	37	20	37
86720	59	21	70
86776	0	12	35
86776	15	28	82
86776	37	20	45
86776	59	26	80
87965	0	9	38
87965	15	28	96
87965	37	14	39
87965	59	26	107
88376	0	2	33
88376	15	1	51
88376	37	1	49
88376	59	2	70
89381	0	4	38
89381	15	7	56
89381	37	7	34
89381	59	3	96
89480	0	1	51
89480	15	0	82
89480	37	0	65
89480	59	1	123
89481	0	1	50
89481	15	0	90
89481	37	0	65
89481	59	1	124
89877	0	8	21
89877	15	15	43
89877	37	18	40
89877	59	18	87
92077	0	3	18
92077	15	1	42
92077	37	9	42
92077	59	18	109
92082	0	8	19
92082	15	15	46
92082	37	20	42
92082	59	29	106
93547	0	1	47
93547	15	12	72
93547	37	2	44
93547	59	4	101
94727	0	1	53
94727	15	3	79
94727	37	2	44
94727	59	4	122
96813	0	4	43
96813	15	0	67
96813	37	3	46
96813	59	0	94
96858	0	1	36
96858	15	0	56
96858	37	1	43
96858	59	0	92
103266	0	8	33
103266	15	8	61
103266	37	13	47
103266	59	17	81
103498	0	1	34
103498	15	1	61
103498	37	0	47
103498	59	0	100
104162	0	1	28
104162	15	1	35
104162	37	3	31
104162	59	2	76
104163	0	1	27
104163	15	1	35
104163	37	2	28
104163	59	2	77
104931	0	1	44
104931	15	1	58
104931	37	7	63
104931	59	0	109
105001	0	1	49
105001	15	1	44
105001	37	7	59
105001	59	2	136
105901	0	2	37
105901	15	7	78
105901	37	1	43
105901	59	7	68
106307	0	5	47
106307	15	9	65
106307	37	12	56
106307	59	3	105
106308	0	5	48
106308	15	9	62
106308	37	12	55
106308	59	3	107
106577	0	7	49
106577	15	14	81
106577	37	8	62
106577	59	16	98
106767	0	2	45
106767	15	2	86
106767	37	0	63
106767	59	1	108
106890	0	4	32
106890	15	6	55
106890	37	10	41
106890	59	13	125
107463	0	13	26
107463	15	50	82
107463	37	16	38
107463	59	66	106
108441	0	2	50
108441	15	10	72
108441	37	7	49
108441	59	10	115
110688	0	4	26
110688	15	13	62
110688	37	16	51
110688	59	7	75
110829	0	2	42
110829	15	1	65
110829	37	1	59
110829	59	3	107
111480	0	9	35
111480	15	9	62
111480	37	18	58
111480	59	11	124
114043	0	4	28
114043	15	16	69
114043	37	16	64
114043	59	27	92
115202	0	4	41
115202	15	9	62
115202	37	15	47
115202	59	10	86
117496	0	2	42
117496	15	2	56
117496	37	5	48
117496	59	1	109
117797	0	4	38
117797	15	16	76
117797	37	17	64
117797	59	21	104
117982	0	3	28
117982	15	5	59
117982	37	2	44
117982	59	0	64
118590	0	13	27
118590	15	20	49
118590	37	5	20
118590	59	31	79
118689	0	9	25
118689	15	10	27
118689	37	17	28
118689	59	19	49
120017	0	4	35
120017	15	7	61
120017	37	6	33
120017	59	10	108
120227	0	1	38
120227	15	7	56
120227	37	14	47
120227	59	15	93
120296	0	2	36
120296	15	8	39
120296	37	11	46
120296	59	9	81
122068	0	5	39
122068	15	1	59
122068	37	1	39
122068	59	1	87
122592	0	5	49
122592	15	12	77
122592	37	16	50
122592	59	3	91
122802	0	1	40
122802	15	6	66
122802	37	9	54
122802	59	10	88
125764	0	3	34
125764	15	0	76
125764	37	3	63
125764	59	0	123
125765	0	3	34
125765	15	0	75
125765	37	3	60
125765	59	0	122
126494	0	1	31
126494	15	1	50
126494	37	0	40
126494	59	0	90
126672	0	1	35
126672	15	2	59
126672	37	1	57
126672	59	2	102
128551	0	7	34
128551	15	11	59
128551	37	2	16
128551	59	10	91
128830	0	3	49
128830	15	3	83
128830	37	3	32
128830	59	2	97
130169	0	2	37
130169	15	6	68
130169	37	5	66
130169	59	0	114
132000	0	2	37
132000	15	0	38
132000	37	0	50
132000	59	0	125
132012	0	2	38
132012	15	0	39
132012	37	0	50
132012	59	0	125
134742	0	3	42
134742	15	2	46
134742	37	4	43
134742	59	17	74
137725	0	1	38
137725	15	0	58
137725	37	0	24
137725	59	0	95
141452	0	1	55
141452	15	7	73
141452	37	5	56
141452	59	2	107
141609	0	1	37
141609	15	1	42
141609	37	7	44
141609	59	23	86
141613	0	1	40
141613	15	0	36
141613	37	0	41
141613	59	0	85
142234	0	1	43
142234	15	5	87
142234	37	6	44
142234	59	11	137
148128	0	2	46
148128	15	0	60
148128	37	0	64
148128	59	0	110
155979	0	3	44
155979	15	1	56
155979	37	0	53
155979	59	0	108
156112	0	15	46
156112	15	26	85
156112	37	16	35
156112	59	41	132
158348	0	6	49
158348	15	4	67
158348	37	2	55
158348	59	0	132
158825	0	5	30
158825	15	10	72
158825	37	5	44
158825	59	13	88
159071	0	7	24
159071	15	11	50
159071	37	5	28
159071	59	21	88
168905	0	5	45
168905	15	16	87
168905	37	11	60
168905	59	18	79
169738	0	4	32
169738	15	6	62
169738	37	16	61
169738	59	10	95
169766	0	5	38
169766	15	12	66
169766	37	3	52
169766	59	11	91
170633	0	1	28
170633	15	0	59
170633	37	2	45
170633	59	6	104
170744	0	3	30
170744	15	0	69
170744	37	2	41
170744	59	1	107
171088	0	2	44
171088	15	7	63
171088	37	7	59
171088	59	20	112
172219	0	2	44
172219	15	0	49
172219	37	0	42
172219	59	3	118
172410	0	2	40
172410	15	5	69
172410	37	2	62
172410	59	2	96
172505	0	1	32
172505	15	2	78
172505	37	1	29
172505	59	1	86
172598	0	3	56
172598	15	3	82
172598	37	3	60
172598	59	0	84
172622	0	3	43
172622	15	10	71
172622	37	10	60
172622	59	9	74
172686	0	1	48
172686	15	0	65
172686	37	3	59
172686	59	4	77
172727	0	9	50
172727	15	16	79
172727	37	23	62
172727	59	19	84
172772	0	7	38
172772	15	17	76
172772	37	16	48
172772	59	5	80
175318	0	6	42
175318	15	14	78
175318	37	24	66
175318	59	11	91
175465	0	1	40
175465	15	2	66
175465	37	2	28
175465	59	1	89
175656	0	5	15
175656	15	14	58
175656	37	11	46
175656	59	23	102
180780	0	7	41
180780	15	10	75
180780	37	11	52
180780	59	13	100
183117	0	1	51
183117	15	2	66
183117	37	0	45
183117	59	0	103
184207	0	2	45
184207	15	1	84
184207	37	6	51
184207	59	2	95
184479	0	17	43
184479	15	24	80
184479	37	23	46
184479	59	19	121
185478	0	15	43
185478	15	24	78
185478	37	16	39
185478	59	36	108
185587	0	1	50
185587	15	0	87
185587	37	2	42
185587	59	0	131
185827	0	4	36
185827	15	16	83
185827	37	7	46
185827	59	36	129
186336	0	5	38
186336	15	10	58
186336	37	11	36
186336	59	9	91
186535	0	14	35
186535	15	28	89
186535	37	25	52
186535	59	25	76
186729	0	8	56
186729	15	1	79
186729	37	0	53
186729	59	0	129
188757	0	2	44
188757	15	5	98
188757	37	4	51
188757	59	1	91
190187	0	10	43
190187	15	16	77
190187	37	9	33
190187	59	27	99
190519	0	14	49
190519	15	12	61
190519	37	13	39
190519	59	8	82
193698	0	6	49
193698	15	14	89
193698	37	6	32
193698	59	18	98
195726	0	2	39
195726	15	4	89
195726	37	2	57
195726	59	0	110
196338	0	1	35
196338	15	12	66
196338	37	5	44
196338	59	10	84
196612	0	8	28
196612	15	12	50
196612	37	18	40
196612	59	25	78
197500	0	14	57
197500	15	11	62
197500	37	31	55
197500	59	36	117
197797	0	8	41
197797	15	27	76
197797	37	29	53
197797	59	26	104
198297	0	10	42
198297	15	18	66
198297	37	16	41
198297	59	40	98
198310	0	20	46
198310	15	20	75
198310	37	9	52
198310	59	18	100
200785	0	6	47
200785	15	13	100
200785	37	6	54
200785	59	29	111
204571	0	2	15
204571	15	4	54
204571	37	0	44
204571	59	0	96
204799	0	2	22
204799	15	0	42
204799	37	2	33
204799	59	0	105
206288	0	3	38
206288	15	6	49
206288	37	4	43
206288	59	11	101
206300	0	10	39
206300	15	11	52
206300	37	10	41
206300	59	32	85
208379	0	2	27
208379	15	2	34
208379	37	1	44
208379	59	1	93
210171	0	3	24
210171	15	20	45
210171	37	27	52
210171	59	35	108
211998	0	5	32
211998	15	26	68
211998	37	24	41
211998	59	28	106
213675	0	10	35
213675	15	26	56
213675	37	25	44
213675	59	42	98
213682	0	10	35
213682	15	28	59
213682	37	24	47
213682	59	39	98
213705	0	19	43
213705	15	24	60
213705	37	15	53
213705	59	43	111
213979	0	6	37
213979	15	8	55
213979	37	5	68
213979	59	11	101
214268	0	2	39
214268	15	7	73
214268	37	21	61
214268	59	14	90
214269	0	2	38
214269	15	8	70
214269	37	23	62
214269	59	13	88
214398	0	8	34
214398	15	13	54
214398	37	24	46
214398	59	35	106
214500	0	3	30
214500	15	1	60
214500	37	0	53
214500	59	0	88
214593	0	9	45
214593	15	6	44
214593	37	11	62
214593	59	23	94
214743	0	1	43
214743	15	3	72
214743	37	3	52
214743	59	2	108
214914	0	21	48
214914	15	19	71
214914	37	31	58
214914	59	20	78
215349	0	5	39
215349	15	17	75
215349	37	21	58
215349	59	22	127
215683	0	2	34
215683	15	6	82
215683	37	2	50
215683	59	0	92
224166	0	13	49
224166	15	17	50
224166	37	20	36
224166	59	31	108
224465	0	14	56
224465	15	22	65
224465	37	3	37
224465	59	24	95
225130	0	4	53
225130	15	15	87
225130	37	14	57
225130	59	17	113
227219	0	11	30
227219	15	21	75
227219	37	21	43
227219	59	27	114
231442	0	5	38
231442	15	8	74
231442	37	11	56
231442	59	22	118
233075	0	1	46
233075	15	2	73
233075	37	0	44
233075	59	0	115
235226	0	6	55
235226	15	1	81
235226	37	0	67
235226	59	0	105
236740	0	4	26
236740	15	2	48
236740	37	6	37
236740	59	1	87
237756	0	7	37
237756	15	25	75
237756	37	21	49
237756	59	17	78
239695	0	1	45
239695	15	3	73
239695	37	2	51
239695	59	6	97
241092	0	4	50
241092	15	11	93
241092	37	12	50
241092	59	16	99
241162	0	4	42
241162	15	9	93
241162	37	5	37
241162	59	18	108
243968	0	1	39
243968	15	1	64
243968	37	1	52
243968	59	5	113
244628	0	2	37
244628	15	1	72
244628	37	2	43
244628	59	1	91
248391	0	7	36
248391	15	21	88
248391	37	14	60
248391	59	13	98
251502	0	1	31
251502	15	1	73
251502	37	1	53
251502	59	0	137
251794	0	1	29
251794	15	1	62
251794	37	3	55
251794	59	12	88
255475	0	5	47
255475	15	10	74
255475	37	10	40
255475	59	19	87
255506	0	7	40
255506	15	7	79
255506	37	9	38
255506	59	17	94
255510	0	1	40
255510	15	4	75
255510	37	4	39
255510	59	1	102
255820	0	3	35
255820	15	2	60
255820	37	5	49
255820	59	1	100
256988	0	8	39
256988	15	27	82
256988	37	28	61
256988	59	40	135
257300	0	1	46
257300	15	0	52
257300	37	1	62
257300	59	0	115
257347	0	5	44
257347	15	10	64
257347	37	15	51
257347	59	10	115
258380	0	1	34
258380	15	1	61
258380	37	2	43
258380	59	2	77
259620	0	5	47
259620	15	12	55
259620	37	24	52
259620	59	13	81
259647	0	2	37
259647	15	3	52
259647	37	10	54
259647	59	10	87
261058	0	1	57
261058	15	2	75
261058	37	5	55
261058	59	0	108
264140	0	1	26
264140	15	3	44
264140	37	2	34
264140	59	5	97
264718	0	5	37
264718	15	5	60
264718	37	4	46
264718	59	12	105
264844	0	6	44
264844	15	8	61
264844	37	7	41
264844	59	29	100
264849	0	23	47
264849	15	33	60
264849	37	33	46
264849	59	63	100
265933	0	6	40
265933	15	21	79
265933	37	22	48
265933	59	32	106
266994	0	2	45
266994	15	6	78
266994	37	3	53
266994	59	8	105
269028	0	4	60
269028	15	4	72
269028	37	8	40
269028	59	11	86
272190	0	3	40
272190	15	14	68
272190	37	4	50
272190	59	31	115
272836	0	6	48
272836	15	2	82
272836	37	0	57
272836	59	0	101
273021	0	8	37
273021	15	13	72
273021	37	4	39
273021	59	34	96
273050	0	1	35
273050	15	0	62
273050	37	1	35
273050	59	0	91
273051	0	4	35
273051	15	2	67
273051	37	3	35
273051	59	0	92
274377	0	1	48
274377	15	3	65
274377	37	3	56
274377	59	4	117
277426	0	28	60
277426	15	38	98
277426	37	29	62
277426	59	33	92
277876	0	16	43
277876	15	22	97
277876	37	15	48
277876	59	25	106
278139	0	4	36
278139	15	3	73
278139	37	0	37
278139	59	1	103
278143	0	3	32
278143	15	2	68
278143	37	0	38
278143	59	1	107
278378	0	3	46
278378	15	2	85
278378	37	4	64
278378	59	6	123
278622	0	4	45
278622	15	3	84
278622	37	3	55
278622	59	2	103
280200	0	11	33
280200	15	34	84
280200	37	21	40
280200	59	40	82
280732	0	4	28
280732	15	13	75
280732	37	10	45
280732	59	21	137
281724	0	5	46
281724	15	2	79
281724	37	6	38
281724	59	0	99
281725	0	5	46
281725	15	2	77
281725	37	6	36
281725	59	0	98
282765	0	7	39
282765	15	11	63
282765	37	15	32
282765	59	23	112
282799	0	5	33
282799	15	9	47
282799	37	13	31
282799	59	12	72
282969	0	4	31
282969	15	2	62
282969	37	1	52
282969	59	6	98
283368	0	4	39
283368	15	2	80
283368	37	0	54
283368	59	0	115
284382	0	5	42
284382	15	0	55
284382	37	0	56
284382	59	0	117
285539	0	7	47
285539	15	16	80
285539	37	10	58
285539	59	24	117
286811	0	2	28
286811	15	5	51
286811	37	2	23
286811	59	12	104
287965	0	1	38
287965	15	2	85
287965	37	3	38
287965	59	7	95
289326	0	1	38
289326	15	5	70
289326	37	1	56
289326	59	2	115
292389	0	2	36
292389	15	3	59
292389	37	1	31
292389	59	7	78
294841	0	15	43
294841	15	30	63
294841	37	15	66
294841	59	27	110
295576	0	18	45
295576	15	34	88
295576	37	21	44
295576	59	49	117
295851	0	16	54
295851	15	14	83
295851	37	22	44
295851	59	26	110
297252	0	4	47
297252	15	14	86
297252	37	5	66
297252	59	20	91
297263	0	2	51
297263	15	1	80
297263	37	3	66
297263	59	0	89
298377	0	17	41
298377	15	20	61
298377	37	26	46
298377	59	55	106
298781	0	3	27
298781	15	2	33
298781	37	10	38
298781	59	8	85
299076	0	4	28
299076	15	12	58
299076	37	19	48
299076	59	44	115
299218	0	3	47
299218	15	8	70
299218	37	11	60
299218	59	21	117
301006	0	13	45
301006	15	8	76
301006	37	16	48
301006	59	25	110
301383	0	8	39
301383	15	12	55
301383	37	6	30
301383	59	16	98
302986	0	15	38
302986	15	26	62
302986	37	29	54
302986	59	28	98
310411	0	5	26
310411	15	14	62
310411	37	13	33
310411	59	29	85
311635	0	1	34
311635	15	11	62
311635	37	8	43
311635	59	19	110
313601	0	6	40
313601	15	18	49
313601	37	7	40
313601	59	9	108
314644	0	2	41
314644	15	0	64
314644	37	0	53
314644	59	1	101
316403	0	1	48
316403	15	5	75
316403	37	0	56
316403	59	8	100
318350	0	11	37
318350	15	22	70
318350	37	24	50
318350	59	27	90
320536	0	20	58
320536	15	21	93
320536	37	11	65
320536	59	39	118
321598	0	9	45
321598	15	2	74
321598	37	10	59
321598	59	6	104
321711	0	6	33
321711	15	6	56
321711	37	7	48
321711	59	13	80
321911	0	13	31
321911	15	17	53
321911	37	29	47
321911	59	37	98
324628	0	19	39
324628	15	31	81
324628	37	26	51
324628	59	51	103
326847	0	20	57
326847	15	37	91
326847	37	40	60
326847	59	44	121
327258	0	13	34
327258	15	23	69
327258	37	23	39
327258	59	40	99
328651	0	1	55
328651	15	1	94
328651	37	5	64
328651	59	2	119
329244	0	3	44
329244	15	9	97
329244	37	2	53
329244	59	11	104
329778	0	15	54
329778	15	33	97
329778	37	27	52
329778	59	52	107
330809	0	1	43
330809	15	8	103
330809	37	4	40
330809	59	7	114
331427	0	2	38
331427	15	0	58
331427	37	0	41
331427	59	0	118
332448	0	11	36
332448	15	16	60
332448	37	18	35
332448	59	43	96
332601	0	6	39
332601	15	10	72
332601	37	6	49
332601	59	21	136
332700	0	14	40
332700	15	30	80
332700	37	34	62
332700	59	31	105
332816	0	8	48
332816	15	13	67
332816	37	15	47
332816	59	32	133
333534	0	1	57
333534	15	10	81
333534	37	2	55
333534	59	5	117
333939	0	15	39
333939	15	22	70
333939	37	14	24
333939	59	30	124
334215	0	2	27
334215	15	9	67
334215	37	1	28
334215	59	10	95
334759	0	1	19
334759	15	2	61
334759	37	1	26
334759	59	0	96
336168	0	13	52
336168	15	12	78
336168	37	7	60
336168	59	10	110
336215	0	15	51
336215	15	26	75
336215	37	34	59
336215	59	44	110
336731	0	4	20
336731	15	13	47
336731	37	16	26
336731	59	19	82
336808	0	2	27
336808	15	2	40
336808	37	0	29
336808	59	1	73
337153	0	13	35
337153	15	21	64
337153	37	30	56
337153	59	40	90
337198	0	20	46
337198	15	23	79
337198	37	31	55
337198	59	34	82
337852	0	5	34
337852	15	11	72
337852	37	8	38
337852	59	12	109
337853	0	5	28
337853	15	10	72
337853	37	8	41
337853	59	12	110
338481	0	9	44
338481	15	16	72
338481	37	2	44
338481	59	11	102
338499	0	6	43
338499	15	13	67
338499	37	1	48
338499	59	10	81
339947	0	11	37
339947	15	16	59
339947	37	8	38
339947	59	9	110
349022	0	16	37
349022	15	26	45
349022	37	21	38
349022	59	60	97
350707	0	13	49
350707	15	10	58
350707	37	5	58
350707	59	8	113
352771	0	1	47
352771	15	0	56
352771	37	0	51
352771	59	10	104
352772	0	3	47
352772	15	1	54
352772	37	0	55
352772	59	10	97
353646	0	1	23
353646	15	2	42
353646	37	0	33
353646	59	3	94
353739	0	13	26
353739	15	19	75
353739	37	29	52
353739	59	47	98
356490	0	1	32
356490	15	1	50
356490	37	1	36
356490	59	6	60
356533	0	11	28
356533	15	33	57
356533	37	22	44
356533	59	39	75
357042	0	2	40
357042	15	2	70
357042	37	2	56
357042	59	3	83
357271	0	15	38
357271	15	23	79
357271	37	44	66
357271	59	47	108
357272	0	13	36
357272	15	23	80
357272	37	44	67
357272	59	45	108
357991	0	12	32
357991	15	18	48
357991	37	33	62
357991	59	34	81
358783	0	1	40
358783	15	0	77
358783	37	0	62
358783	59	0	80
358827	0	4	42
358827	15	5	61
358827	37	3	58
358827	59	4	76
358925	0	16	37
358925	15	17	57
358925	37	36	49
358925	59	40	101
358998	0	9	56
358998	15	13	63
358998	37	15	58
358998	59	15	98
359276	0	13	42
359276	15	23	51
359276	37	41	66
359276	59	39	96
359277	0	11	41
359277	15	22	54
359277	37	38	65
359277	59	40	99
360403	0	11	26
360403	15	35	71
360403	37	41	56
360403	59	72	114
360447	0	5	43
360447	15	16	72
360447	37	7	64
360447	59	12	93
360657	0	11	37
360657	15	24	65
360657	37	41	67
360657	59	44	96
361336	0	8	25
361336	15	18	56
361336	37	31	53
361336	59	41	107
361373	0	7	30
361373	15	11	65
361373	37	6	45
361373	59	22	108
362277	0	2	18
362277	15	7	44
362277	37	4	28
362277	59	13	78
364039	0	9	30
364039	15	27	73
364039	37	34	48
364039	59	54	131
364428	0	7	20
364428	15	15	37
364428	37	9	24
364428	59	32	98
364440	0	2	26
364440	15	0	37
364440	37	0	27
364440	59	0	104
364542	0	14	46
364542	15	25	57
364542	37	27	56
364542	59	18	75
370682	0	11	44
370682	15	19	78
370682	37	13	65
370682	59	39	112
372201	0	1	42
372201	15	0	87
372201	37	0	52
372201	59	0	82
373130	0	2	33
373130	15	1	79
373130	37	1	30
373130	59	8	98
373266	0	12	35
373266	15	28	84
373266	37	19	28
373266	59	68	126
373418	0	2	40
373418	15	4	54
373418	37	1	51
373418	59	4	72
374257	0	5	45
374257	15	4	50
374257	37	0	45
374257	59	0	109
374302	0	17	49
374302	15	19	62
374302	37	7	57
374302	59	15	97
376315	0	6	43
376315	15	14	53
376315	37	4	34
376315	59	20	78
376388	0	11	33
376388	15	11	41
376388	37	13	23
376388	59	34	100
376440	0	13	39
376440	15	22	65
376440	37	27	50
376440	59	28	93
376658	0	19	45
376658	15	40	75
376658	37	29	38
376658	59	53	98
377968	0	21	45
377968	15	34	63
377968	37	30	50
377968	59	61	112
381113	0	2	46
381113	15	4	62
381113	37	3	54
381113	59	19	126
381173	0	15	35
381173	15	32	55
381173	37	33	40
381173	59	56	108
381413	0	2	30
381413	15	2	64
381413	37	10	37
381413	59	13	93
382038	0	6	30
382038	15	11	43
382038	37	3	41
382038	59	11	107
383580	0	2	32
383580	15	1	63
383580	37	1	36
383580	59	0	101
383603	0	14	33
383603	15	16	54
383603	37	18	35
383603	59	51	115
384322	0	7	38
384322	15	8	61
384322	37	15	42
384322	59	33	114
384341	0	3	51
384341	15	2	63
384341	37	2	49
384341	59	5	117
385925	0	12	45
385925	15	20	95
385925	37	34	61
385925	59	42	108
387088	0	7	37
387088	15	12	72
387088	37	12	40
387088	59	16	103
387348	0	7	44
387348	15	12	57
387348	37	16	41
387348	59	36	114
387785	0	5	56
387785	15	1	78
387785	37	0	66
387785	59	0	84
387809	0	7	58
387809	15	14	78
387809	37	8	58
387809	59	31	97
389008	0	10	42
389008	15	27	79
389008	37	38	65
389008	59	50	98
389979	0	3	26
389979	15	12	47
389979	37	15	45
389979	59	22	66
389986	0	8	24
389986	15	20	43
389986	37	27	44
389986	59	39	64
390424	0	2	32
390424	15	5	53
390424	37	1	36
390424	59	1	113
392002	0	1	39
392002	15	0	72
392002	37	0	47
392002	59	1	71
392597	0	2	25
392597	15	11	69
392597	37	2	24
392597	59	16	102
392774	0	4	41
392774	15	4	64
392774	37	3	44
392774	59	16	99
394199	0	23	48
394199	15	24	59
394199	37	18	56
394199	59	31	81
394678	0	1	28
394678	15	2	53
394678	37	4	37
394678	59	0	103
395724	0	23	50
395724	15	39	75
395724	37	21	65
395724	59	69	124
395859	0	3	55
395859	15	12	70
395859	37	4	52
395859	59	8	88
398344	0	6	47
398344	15	9	71
398344	37	5	52
398344	59	6	106
398367	0	1	52
398367	15	1	64
398367	37	2	52
398367	59	1	105
398582	0	12	27
398582	15	23	56
398582	37	10	22
398582	59	33	85
400558	0	11	38
400558	15	28	74
400558	37	31	60
400558	59	39	117
401279	0	16	36
401279	15	20	42
401279	37	20	29
401279	59	32	85
401829	0	19	49
401829	15	37	81
401829	37	23	42
401829	59	40	92
401966	0	18	36
401966	15	50	74
401966	37	22	46
401966	59	56	103
403488	0	5	48
403488	15	9	67
403488	37	12	56
403488	59	18	116
404285	0	4	37
404285	15	2	47
404285	37	7	46
404285	59	3	78
404293	0	11	34
404293	15	11	41
404293	37	14	44
404293	59	21	76
405058	0	17	38
405058	15	48	91
405058	37	22	48
405058	59	79	124
405368	0	5	20
405368	15	25	48
405368	37	11	17
405368	59	21	65
405400	0	4	22
405400	15	10	53
405400	37	4	16
405400	59	28	69
405700	0	9	28
405700	15	20	73
405700	37	9	32
405700	59	48	113
405751	0	3	36
405751	15	3	77
405751	37	0	31
405751	59	0	88
406394	0	13	41
406394	15	14	74
406394	37	23	52
406394	59	28	103
407222	0	2	49
407222	15	0	58
407222	37	1	54
407222	59	8	120
408270	0	5	52
408270	15	13	79
408270	37	4	47
408270	59	11	102
411770	0	3	32
411770	15	7	25
411770	37	1	20
411770	59	22	88
412790	0	17	38
412790	15	33	57
412790	37	21	57
412790	59	56	121
413109	0	5	36
413109	15	10	73
413109	37	6	60
413109	59	8	100
413156	0	1	42
413156	15	4	60
413156	37	1	53
413156	59	2	83
413190	0	22	48
413190	15	19	49
413190	37	33	55
413190	59	50	89
413665	0	18	48
413665	15	42	81
413665	37	48	64
413665	59	63	111
413962	0	6	26
413962	15	17	40
413962	37	13	26
413962	59	33	101
414609	0	18	44
414609	15	28	77
414609	37	20	55
414609	59	36	111
414624	0	1	46
414624	15	0	69
414624	37	0	60
414624	59	0	119
416019	0	4	53
416019	15	8	63
416019	37	1	39
416019	59	6	82
416079	0	1	40
416079	15	2	44
416079	37	1	32
416079	59	0	67
416768	0	3	22
416768	15	9	58
416768	37	5	20
416768	59	38	115
419045	0	20	44
419045	15	36	47
419045	37	41	55
419045	59	51	76
419560	0	2	26
419560	15	2	62
419560	37	3	41
419560	59	0	90
419891	0	6	16
419891	15	11	36
419891	37	11	29
419891	59	39	76
420644	0	6	52
420644	15	10	89
420644	37	3	56
420644	59	16	113
420915	0	4	36
420915	15	11	65
420915	37	7	38
420915	59	27	127
421342	0	1	35
421342	15	0	75
421342	37	0	43
421342	59	0	108
421400	0	22	45
421400	15	31	69
421400	37	12	40
421400	59	50	93
424633	0	5	42
424633	15	0	76
424633	37	0	50
424633	59	0	116
424798	0	15	31
424798	15	46	72
424798	37	27	42
424798	59	71	95
424882	0	11	27
424882	15	30	52
424882	37	17	36
424882	59	33	75
425101	0	16	48
425101	15	27	71
425101	37	31	58
425101	59	44	95
425522	0	1	35
425522	15	4	64
425522	37	1	30
425522	59	0	114
425568	0	18	42
425568	15	43	66
425568	37	15	31
425568	59	67	114
425729	0	5	40
425729	15	13	66
425729	37	10	52
425729	59	19	102
425865	0	4	37
425865	15	16	65
425865	37	4	29
425865	59	28	91
425971	0	7	38
425971	15	13	65
425971	37	6	42
425971	59	13	100
426342	0	9	33
426342	15	9	41
426342	37	6	31
426342	59	16	106
426361	0	1	41
426361	15	1	44
426361	37	0	32
426361	59	0	100
426977	0	1	27
426977	15	1	53
426977	37	1	23
426977	59	6	87
427465	0	3	40
427465	15	1	72
427465	37	0	34
427465	59	0	81
427937	0	11	37
427937	15	20	78
427937	37	14	61
427937	59	32	120
429590	0	12	42
429590	15	18	86
429590	37	4	43
429590	59	0	76
430836	0	9	46
430836	15	13	72
430836	37	11	60
430836	59	44	115
431038	0	12	38
431038	15	4	70
431038	37	10	50
431038	59	16	104
432249	0	4	38
432249	15	3	76
432249	37	0	45
432249	59	0	76
433474	0	20	45
433474	15	15	51
433474	37	26	55
433474	59	20	77
436766	0	14	48
436766	15	15	70
436766	37	11	24
436766	59	31	94
436870	0	20	41
436870	15	47	65
436870	37	31	47
436870	59	87	121
436964	0	2	29
436964	15	6	45
436964	37	8	37
436964	59	14	82
438811	0	2	37
438811	15	2	68
438811	37	3	56
438811	59	0	97
439046	0	10	34
439046	15	18	59
439046	37	16	36
439046	59	27	111
439136	0	7	36
439136	15	24	77
439136	37	7	39
439136	59	36	112
439640	0	21	52
439640	15	48	71
439640	37	19	45
439640	59	41	90
440608	0	2	16
440608	15	9	34
440608	37	5	23
440608	59	32	81
442383	0	10	39
442383	15	16	73
442383	37	19	57
442383	59	31	123
442453	0	2	47
442453	15	5	66
442453	37	4	51
442453	59	18	110
442572	0	6	35
442572	15	13	80
442572	37	10	39
442572	59	37	127
443591	0	5	56
443591	15	3	73
443591	37	0	65
443591	59	0	103
444257	0	8	36
444257	15	13	60
444257	37	10	36
444257	59	16	93
445136	0	2	53
445136	15	3	98
445136	37	1	67
445136	59	1	125
445420	0	3	46
445420	15	2	85
445420	37	0	55
445420	59	0	99
446939	0	7	29
446939	15	9	41
446939	37	4	19
446939	59	26	101
447773	0	2	42
447773	15	2	63
447773	37	0	40
447773	59	0	62
447782	0	3	38
447782	15	2	54
447782	37	3	37
447782	59	10	63
448023	0	18	42
448023	15	49	86
448023	37	31	45
448023	59	41	106
450609	0	13	50
450609	15	13	78
450609	37	13	45
450609	59	21	76
450690	0	8	50
450690	15	22	80
450690	37	8	54
450690	59	27	71
456553	0	3	23
456553	15	11	53
456553	37	7	49
456553	59	17	74
456673	0	15	31
456673	15	25	57
456673	37	11	33
456673	59	31	85
456826	0	4	29
456826	15	17	64
456826	37	12	45
456826	59	29	83
457987	0	3	41
457987	15	5	87
457987	37	3	48
457987	59	2	99
459904	0	7	39
459904	15	7	41
459904	37	10	39
459904	59	36	105
460446	0	12	24
460446	15	26	42
460446	37	12	20
460446	59	52	92
461017	0	8	28
461017	15	15	39
461017	37	4	22
461017	59	29	83
461098	0	12	33
461098	15	29	82
461098	37	11	48
461098	59	27	103
462208	0	1	30
462208	15	0	41
462208	37	2	35
462208	59	0	72
463642	0	7	40
463642	15	10	73
463642	37	5	27
463642	59	14	96
464201	0	8	36
464201	15	9	55
464201	37	8	26
464201	59	29	103
464202	0	10	37
464202	15	14	63
464202	37	9	29
464202	59	29	100
464204	0	10	38
464204	15	15	64
464204	37	9	28
464204	59	28	92
464205	0	10	39
464205	15	13	64
464205	37	9	29
464205	59	29	97
466105	0	10	38
466105	15	7	66
466105	37	9	58
466105	59	18	74
468459	0	7	51
468459	15	12	79
468459	37	7	67
468459	59	18	109
472243	0	2	15
472243	15	10	41
472243	37	11	28
472243	59	24	101
472260	0	3	18
472260	15	8	50
472260	37	5	25
472260	59	13	102
472775	0	11	48
472775	15	7	52
472775	37	10	54
472775	59	29	101
480600	0	3	42
480600	15	8	53
480600	37	8	41
480600	59	11	92
481317	0	4	36
481317	15	16	77
481317	37	8	48
481317	59	23	96
481990	0	2	52
481990	15	2	83
481990	37	5	51
481990	59	8	123
483008	0	4	49
483008	15	9	70
483008	37	11	48
483008	59	9	95
484296	0	5	36
484296	15	14	67
484296	37	10	36
484296	59	20	99
484432	0	7	43
484432	15	25	76
484432	37	5	47
484432	59	13	95
485838	0	18	38
485838	15	39	79
485838	37	19	39
485838	59	38	76
486276	0	3	35
486276	15	2	55
486276	37	3	58
486276	59	3	75
486432	0	4	24
486432	15	4	26
486432	37	3	28
486432	59	25	93
486685	0	20	45
486685	15	44	89
486685	37	20	49
486685	59	45	88
486692	0	23	47
486692	15	42	80
486692	37	29	47
486692	59	42	86
486764	0	4	34
486764	15	9	81
486764	37	11	44
486764	59	11	84
488512	0	1	46
488512	15	3	87
488512	37	1	39
488512	59	8	124
488847	0	7	46
488847	15	12	78
488847	37	3	51
488847	59	16	128
490095	0	12	40
490095	15	18	66
490095	37	13	66
490095	59	16	75
491291	0	17	45
491291	15	36	83
491291	37	23	55
491291	59	71	115
492409	0	1	20
492409	15	3	39
492409	37	1	26
492409	59	1	59
492411	0	3	32
492411	15	1	44
492411	37	0	24
492411	59	1	60
492412	0	3	30
492412	15	1	46
492412	37	0	25
492412	59	1	59
493896	0	1	40
493896	15	3	91
493896	37	2	49
493896	59	0	106
494200	0	11	37
494200	15	12	59
494200	37	18	44
494200	59	26	96
494272	0	14	28
494272	15	29	43
494272	37	18	24
494272	59	29	80
494696	0	4	52
494696	15	8	56
494696	37	3	54
494696	59	10	133
494697	0	4	50
494697	15	7	57
494697	37	2	51
494697	59	10	135
494714	0	7	49
494714	15	13	51
494714	37	19	59
494714	59	45	134
494757	0	12	50
494757	15	23	75
494757	37	14	61
494757	59	34	111
494822	0	24	49
494822	15	43	80
494822	37	30	57
494822	59	66	110
495257	0	12	43
495257	15	30	53
495257	37	15	46
495257	59	72	116
495389	0	8	37
495389	15	22	78
495389	37	16	61
495389	59	27	68
495836	0	8	27
495836	15	14	56
495836	37	10	51
495836	59	19	117
497571	0	9	23
497571	15	22	66
497571	37	12	38
497571	59	30	100
497903	0	4	45
497903	15	5	72
497903	37	6	56
497903	59	5	99
498251	0	6	30
498251	15	8	31
498251	37	3	37
498251	59	16	109
498279	0	3	34
498279	15	7	30
498279	37	4	32
498279	59	13	103
498544	0	20	43
498544	15	31	68
498544	37	29	45
498544	59	45	108
500556	0	19	39
500556	15	29	59
500556	37	33	63
500556	59	38	89
502492	0	10	50
502492	15	13	66
502492	37	9	44
502492	59	25	86
505085	0	5	50
505085	15	5	48
505085	37	3	63
505085	59	11	137
505379	0	2	30
505379	15	5	61
505379	37	1	47
505379	59	1	85
506394	0	5	35
506394	15	7	51
506394	37	7	55
506394	59	6	106
506592	0	18	40
506592	15	33	76
506592	37	17	42
506592	59	71	113
506887	0	21	45
506887	15	33	72
506887	37	13	38
506887	59	50	94
507670	0	18	37
507670	15	28	62
507670	37	23	49
507670	59	56	92
508638	0	9	32
508638	15	28	68
508638	37	18	49
508638	59	52	88
508828	0	9	24
508828	15	27	53
508828	37	21	43
508828	59	40	79
509029	0	1	24
509029	15	3	43
509029	37	2	51
509029	59	8	79
509244	0	3	29
509244	15	12	46
509244	37	9	33
509244	59	36	99
509504	0	19	41
509504	15	36	71
509504	37	22	45
509504	59	44	117
509807	0	6	39
509807	15	14	78
509807	37	3	38
509807	59	11	102
509817	0	4	39
509817	15	0	77
509817	37	4	39
509817	59	0	93
510724	0	19	40
510724	15	17	44
510724	37	20	39
510724	59	73	117
511855	0	12	26
511855	15	19	51
511855	37	14	32
511855	59	40	96
512271	0	14	36
512271	15	26	65
512271	37	26	47
512271	59	45	91
512754	0	3	42
512754	15	2	73
512754	37	1	42
512754	59	3	115
517451	0	15	46
517451	15	17	92
517451	37	13	47
517451	59	12	93
517579	0	1	35
517579	15	3	62
517579	37	1	27
517579	59	2	91
517708	0	5	49
517708	15	12	58
517708	37	9	65
517708	59	14	71
520828	0	4	26
520828	15	6	41
520828	37	8	41
520828	59	33	113
521581	0	12	43
521581	15	9	52
521581	37	15	57
521581	59	29	111
522717	0	9	56
522717	15	10	98
522717	37	6	39
522717	59	18	95
523825	0	10	44
523825	15	5	49
523825	37	6	25
523825	59	31	106
524406	0	11	44
524406	15	16	57
524406	37	8	53
524406	59	31	99
525985	0	6	21
525985	15	12	45
525985	37	7	15
525985	59	30	73
526073	0	12	30
526073	15	9	34
526073	37	4	21
526073	59	11	71
526148	0	1	30
526148	15	4	58
526148	37	5	33
526148	59	10	83
526308	0	3	19
526308	15	12	47
526308	37	6	36
526308	59	36	88
529534	0	5	49
529534	15	8	55
529534	37	1	39
529534	59	6	100
530264	0	5	31
530264	15	8	73
530264	37	5	35
530264	59	16	102
530265	0	5	35
530265	15	8	81
530265	37	5	35
530265	59	16	108
530275	0	6	30
530275	15	21	84
530275	37	9	36
530275	59	25	98
530336	0	19	54
530336	15	24	75
530336	37	22	60
530336	59	53	113
531140	0	12	47
531140	15	18	58
531140	37	11	53
531140	59	21	118
532281	0	2	40
532281	15	0	60
532281	37	1	59
532281	59	5	80
532399	0	17	36
532399	15	15	46
532399	37	18	47
532399	59	28	102
533375	0	9	22
533375	15	7	35
533375	37	7	21
533375	59	21	68
536157	0	15	50
536157	15	12	59
536157	37	13	55
536157	59	27	90
536979	0	6	34
536979	15	8	55
536979	37	4	22
536979	59	16	76
538216	0	10	21
538216	15	9	29
538216	37	9	21
538216	59	17	81
538320	0	21	50
538320	15	43	90
538320	37	19	39
538320	59	54	103
538946	0	5	29
538946	15	16	61
538946	37	8	29
538946	59	26	103
540726	0	13	31
540726	15	19	70
540726	37	17	39
540726	59	49	103
541380	0	1	41
541380	15	2	63
541380	37	1	42
541380	59	0	91
541504	0	15	32
541504	15	36	64
541504	37	35	59
541504	59	64	102
542262	0	14	32
542262	15	28	64
542262	37	15	29
542262	59	48	103
542406	0	7	35
542406	15	15	67
542406	37	8	31
542406	59	22	93
542663	0	15	39
542663	15	14	53
542663	37	17	38
542663	59	27	95
542819	0	2	37
542819	15	1	65
542819	37	1	31
542819	59	9	98
544303	0	1	40
544303	15	1	75
544303	37	2	58
544303	59	0	112
544370	0	18	59
544370	15	17	68
544370	37	18	55
544370	59	38	105
546134	0	1	33
546134	15	3	52
546134	37	0	20
546134	59	2	112
547645	0	17	37
547645	15	30	89
547645	37	21	55
547645	59	35	103
551197	0	13	47
551197	15	11	71
551197	37	6	31
551197	59	25	106
553533	0	20	44
553533	15	25	82
553533	37	19	49
553533	59	27	78
555243	0	8	35
555243	15	17	74
555243	37	9	48
555243	59	20	82
555862	0	3	51
555862	15	9	89
555862	37	2	39
555862	59	15	126
557441	0	2	44
557441	15	0	62
557441	37	0	67
557441	59	0	87
557752	0	16	58
557752	15	27	77
557752	37	13	62
557752	59	33	98
557896	0	9	47
557896	15	9	64
557896	37	2	39
557896	59	4	113
558420	0	22	45
558420	15	42	67
558420	37	20	42
558420	59	39	104
561695	0	3	30
561695	15	5	47
561695	37	6	37
561695	59	12	86
561855	0	1	28
561855	15	7	71
561855	37	7	50
561855	59	22	117
563378	0	1	37
563378	15	0	51
563378	37	2	65
563378	59	0	93
567020	0	3	38
567020	15	7	69
567020	37	1	34
567020	59	10	75
568427	0	1	26
568427	15	4	66
568427	37	2	39
568427	59	6	84
569173	0	12	26
569173	15	26	54
569173	37	12	37
569173	59	45	88
572060	0	10	32
572060	15	19	79
572060	37	15	50
572060	59	50	114
573276	0	1	38
573276	15	0	71
573276	37	1	36
573276	59	0	99
574134	0	6	33
574134	15	11	83
574134	37	5	43
574134	59	11	90
574789	0	1	33
574789	15	0	66
574789	37	3	52
574789	59	0	119
575727	0	2	37
575727	15	1	42
575727	37	2	50
575727	59	1	92
577295	0	5	54
577295	15	13	77
577295	37	8	46
577295	59	19	79
577502	0	13	42
577502	15	17	69
577502	37	9	39
577502	59	25	104
578835	0	1	39
578835	15	2	66
578835	37	0	35
578835	59	2	69
584419	0	5	31
584419	15	7	68
584419	37	12	55
584419	59	12	73
584638	0	3	30
584638	15	10	65
584638	37	6	37
584638	59	22	93
584654	0	2	31
584654	15	12	69
584654	37	8	42
584654	59	20	87
585155	0	1	29
585155	15	3	57
585155	37	0	44
585155	59	1	86
586902	0	15	59
586902	15	17	62
586902	37	16	64
586902	59	32	113
588204	0	6	42
588204	15	26	82
588204	37	15	57
588204	59	22	119
590139	0	12	38
590139	15	28	79
590139	37	19	56
590139	59	19	82
590315	0	14	38
590315	15	30	59
590315	37	27	61
590315	59	48	81
593197	0	7	26
593197	15	10	78
593197	37	7	49
593197	59	16	105
599406	0	1	37
599406	15	1	72
599406	37	2	56
599406	59	0	99
599598	0	2	41
599598	15	7	71
599598	37	3	61
599598	59	2	107
602113	0	1	17
602113	15	5	31
602113	37	11	38
602113	59	13	64
605327	0	9	27
605327	15	9	53
605327	37	24	49
605327	59	13	98
605809	0	7	30
605809	15	30	72
605809	37	17	39
605809	59	49	112
608727	0	1	42
608727	15	0	89
608727	37	0	51
608727	59	0	79
610366	0	12	49
610366	15	20	81
610366	37	21	62
610366	59	40	117
610742	0	10	32
610742	15	22	69
610742	37	12	34
610742	59	29	98
610788	0	10	42
610788	15	7	38
610788	37	4	24
610788	59	3	76
610970	0	2	54
610970	15	2	89
610970	37	0	59
610970	59	0	94
611575	0	11	45
611575	15	20	93
611575	37	20	50
611575	59	22	118
612115	0	15	32
612115	15	23	46
612115	37	9	35
612115	59	39	78
617018	0	2	30
617018	15	4	61
617018	37	2	65
617018	59	1	91
617061	0	1	32
617061	15	4	63
617061	37	1	62
617061	59	2	123
617097	0	1	38
617097	15	3	70
617097	37	1	60
617097	59	3	124
622349	0	2	34
622349	15	1	52
622349	37	0	59
622349	59	0	78
622580	0	1	36
622580	15	4	66
622580	37	3	35
622580	59	2	86
622699	0	4	53
622699	15	7	71
622699	37	7	60
622699	59	5	73
625012	0	13	33
625012	15	13	53
625012	37	16	51
625012	59	20	81
625799	0	10	44
625799	15	17	74
625799	37	7	42
625799	59	27	109
626261	0	1	33
626261	15	2	46
626261	37	0	19
626261	59	0	104
626381	0	1	24
626381	15	0	36
626381	37	1	27
626381	59	0	79
626468	0	7	36
626468	15	6	40
626468	37	6	28
626468	59	20	65
628049	0	1	29
628049	15	4	60
628049	37	1	34
628049	59	0	87
628151	0	2	34
628151	15	0	50
628151	37	0	37
628151	59	0	95
628599	0	6	45
628599	15	15	76
628599	37	11	51
628599	59	32	112
628888	0	11	42
628888	15	18	69
628888	37	12	37
628888	59	27	92
629315	0	12	42
629315	15	24	88
629315	37	17	51
629315	59	54	116
630232	0	5	39
630232	15	15	90
630232	37	4	37
630232	59	17	103
632849	0	3	39
632849	15	2	43
632849	37	1	32
632849	59	4	80
632880	0	3	31
632880	15	7	32
632880	37	7	34
632880	59	14	83
635773	0	2	31
635773	15	13	63
635773	37	3	27
635773	59	13	96
636212	0	9	40
636212	15	26	98
636212	37	11	41
636212	59	29	112
636960	0	1	44
636960	15	0	65
636960	37	0	52
636960	59	0	93
638193	0	10	23
638193	15	38	82
638193	37	17	51
638193	59	45	115
638384	0	2	23
638384	15	1	47
638384	37	1	31
638384	59	4	67
638385	0	2	24
638385	15	1	49
638385	37	1	30
638385	59	2	64
638563	0	8	31
638563	15	10	44
638563	37	17	49
638563	59	26	88
638767	0	3	34
638767	15	2	70
638767	37	1	36
638767	59	3	100
638835	0	2	40
638835	15	5	65
638835	37	1	50
638835	59	0	111
639864	0	1	37
639864	15	1	59
639864	37	0	55
639864	59	0	93
640457	0	1	41
640457	15	1	57
640457	37	7	41
640457	59	2	86
642066	0	11	43
642066	15	6	49
642066	37	6	63
642066	59	17	111
642540	0	13	34
642540	15	15	63
642540	37	18	47
642540	59	38	121
644110	0	10	34
644110	15	25	58
644110	37	16	33
644110	59	27	95
644480	0	2	33
644480	15	2	61
644480	37	0	29
644480	59	1	99
645875	0	6	59
645875	15	14	103
645875	37	6	59
645875	59	15	122
648364	0	17	46
648364	15	30	70
648364	37	28	65
648364	59	39	126
648829	0	4	52
648829	15	4	76
648829	37	8	57
648829	59	14	116
650545	0	4	45
650545	15	2	63
650545	37	0	38
650545	59	0	88
651243	0	2	37
651243	15	5	54
651243	37	6	49
651243	59	7	116
651245	0	1	40
651245	15	1	54
651245	37	2	46
651245	59	2	117
652417	0	3	33
652417	15	9	61
652417	37	7	32
652417	59	19	83
653773	0	2	46
653773	15	2	58
653773	37	7	60
653773	59	13	101
655645	0	12	49
655645	15	29	94
655645	37	19	55
655645	59	42	101
656944	0	5	42
656944	15	26	86
656944	37	4	49
656944	59	11	103
657878	0	3	31
657878	15	2	63
657878	37	0	41
657878	59	0	112
657945	0	3	31
657945	15	4	50
657945	37	2	36
657945	59	0	104
658145	0	11	43
658145	15	1	53
658145	37	2	56
658145	59	0	99
658416	0	1	36
658416	15	1	63
658416	37	1	49
658416	59	3	115
659234	0	14	39
659234	15	23	54
659234	37	24	45
659234	59	48	102
662827	0	8	29
662827	15	12	56
662827	37	13	60
662827	59	31	118
664791	0	11	34
664791	15	22	71
664791	37	19	52
664791	59	32	101
666375	0	16	36
666375	15	30	55
666375	37	18	32
666375	59	45	81
666883	0	1	30
666883	15	0	69
666883	37	0	32
666883	59	0	118
667954	0	9	43
667954	15	20	80
667954	37	7	44
667954	59	0	95
673818	0	1	16
673818	15	2	27
673818	37	3	25
673818	59	6	43
675410	0	13	35
675410	15	8	38
675410	37	10	41
675410	59	55	124
676735	0	9	48
676735	15	12	54
676735	37	24	60
676735	59	50	99
681326	0	2	48
681326	15	1	89
681326	37	1	48
681326	59	0	113
682846	0	3	50
682846	15	7	48
682846	37	0	41
682846	59	8	126
683754	0	1	43
683754	15	3	79
683754	37	3	65
683754	59	4	109
686038	0	3	45
686038	15	1	69
686038	37	3	62
686038	59	8	120
690912	0	2	42
690912	15	3	82
690912	37	0	63
690912	59	5	108
701828	0	3	48
701828	15	4	72
701828	37	0	45
701828	59	1	93
702126	0	5	43
702126	15	4	68
702126	37	2	47
702126	59	4	99
704825	0	12	26
704825	15	52	90
704825	37	15	28
704825	59	29	98
707247	0	1	44
707247	15	0	54
707247	37	0	53
707247	59	2	91
707650	0	5	38
707650	15	9	76
707650	37	4	45
707650	59	2	78
707655	0	4	38
707655	15	6	77
707655	37	3	48
707655	59	2	91
707657	0	2	40
707657	15	3	75
707657	37	1	47
707657	59	0	92
707711	0	12	34
707711	15	16	85
707711	37	5	55
707711	59	11	100
707820	0	8	47
707820	15	17	70
707820	37	20	61
707820	59	24	100
708861	0	1	57
708861	15	2	82
708861	37	0	68
708861	59	6	129
709208	0	9	56
709208	15	9	71
709208	37	12	67
709208	59	7	109
711284	0	1	21
711284	15	1	31
711284	37	1	31
711284	59	0	64
711386	0	1	31
711386	15	1	43
711386	37	0	38
711386	59	0	53
712539	0	5	44
712539	15	4	66
712539	37	9	68
712539	59	16	95
712604	0	3	47
712604	15	1	72
712604	37	0	63
712604	59	0	107
713423	0	3	37
713423	15	6	58
713423	37	2	47
713423	59	2	119
717822	0	3	38
717822	15	7	61
717822	37	8	64
717822	59	20	120
718955	0	13	42
718955	15	24	96
718955	37	10	59
718955	59	9	107
719055	0	9	46
719055	15	15	71
719055	37	8	61
719055	59	2	108
719169	0	14	36
719169	15	19	41
719169	37	22	41
719169	59	67	96
720609	0	4	35
720609	15	13	84
720609	37	5	46
720609	59	29	138
722224	0	1	33
722224	15	0	52
722224	37	0	44
722224	59	0	108
722997	0	8	34
722997	15	5	56
722997	37	10	34
722997	59	18	112
723092	0	18	41
723092	15	24	52
723092	37	22	45
723092	59	43	95
726128	0	8	30
726128	15	27	63
726128	37	13	39
726128	59	33	85
727500	0	1	25
727500	15	5	54
727500	37	1	49
727500	59	4	127
727502	0	1	25
727502	15	4	53
727502	37	1	47
727502	59	4	125
727503	0	1	25
727503	15	1	50
727503	37	1	48
727503	59	4	125
730203	0	13	39
730203	15	28	65
730203	37	28	41
730203	59	48	86
733089	0	11	37
733089	15	21	83
733089	37	13	53
733089	59	38	121
733978	0	3	36
733978	15	2	61
733978	37	1	39
733978	59	1	73
733992	0	2	38
733992	15	1	51
733992	37	0	44
733992	59	0	72
734501	0	1	34
734501	15	1	51
734501	37	0	17
734501	59	0	97
735330	0	11	33
735330	15	17	53
735330	37	13	30
735330	59	70	97
735457	0	4	31
735457	15	1	56
735457	37	0	21
735457	59	0	104
735483	0	1	29
735483	15	0	66
735483	37	1	25
735483	59	11	85
736976	0	11	37
736976	15	15	59
736976	37	17	40
736976	59	24	77
737625	0	2	34
737625	15	0	72
737625	37	1	60
737625	59	0	86
738528	0	1	25
738528	15	2	52
738528	37	2	45
738528	59	0	81
739337	0	1	38
739337	15	1	61
739337	37	2	36
739337	59	1	110
739338	0	1	36
739338	15	3	63
739338	37	2	33
739338	59	2	106
739339	0	1	40
739339	15	1	59
739339	37	1	37
739339	59	4	95
739622	0	7	53
739622	15	2	87
739622	37	0	37
739622	59	0	123
739650	0	22	51
739650	15	37	78
739650	37	21	43
739650	59	50	122
740202	0	7	55
740202	15	3	57
740202	37	2	51
740202	59	7	73
740594	0	3	49
740594	15	3	80
740594	37	6	49
740594	59	31	101
741226	0	3	29
741226	15	2	27
741226	37	2	20
741226	59	15	72
742366	0	2	49
742366	15	0	77
742366	37	2	50
742366	59	5	96
746825	0	12	41
746825	15	18	54
746825	37	16	59
746825	59	72	111
750084	0	1	37
750084	15	1	81
750084	37	0	53
750084	59	0	87
751536	0	9	33
751536	15	25	61
751536	37	8	20
751536	59	45	87
751672	0	5	42
751672	15	6	68
751672	37	7	40
751672	59	9	83
752258	0	8	40
752258	15	9	57
752258	37	3	48
752258	59	11	82
754093	0	18	50
754093	15	41	88
754093	37	29	60
754093	59	48	119
755396	0	2	34
755396	15	0	74
755396	37	1	43
755396	59	0	77
755605	0	9	32
755605	15	21	55
755605	37	17	65
755605	59	25	108
758708	0	1	25
758708	15	2	53
758708	37	0	52
758708	59	1	100
759105	0	13	53
759105	15	14	75
759105	37	10	45
759105	59	9	105
759124	0	12	56
759124	15	16	75
759124	37	5	47
759124	59	40	108
759295	0	17	44
759295	15	32	76
759295	37	19	40
759295	59	52	107
759674	0	1	28
759674	15	0	81
759674	37	0	57
759674	59	0	123
762052	0	5	56
762052	15	4	59
762052	37	14	53
762052	59	10	100
763670	0	17	35
763670	15	38	87
763670	37	12	31
763670	59	25	85
763865	0	14	45
763865	15	26	71
763865	37	20	46
763865	59	56	103
764114	0	6	21
764114	15	14	40
764114	37	10	27
764114	59	35	103
767469	0	1	33
767469	15	2	53
767469	37	4	52
767469	59	1	100
767470	0	2	31
767470	15	4	52
767470	37	5	50
767470	59	4	81
769188	0	8	30
769188	15	18	34
769188	37	8	22
769188	59	27	59
769441	0	1	32
769441	15	3	63
769441	37	1	25
769441	59	8	63
770382	0	6	29
770382	15	3	37
770382	37	7	46
770382	59	5	114
775651	0	14	39
775651	15	37	80
775651	37	14	36
775651	59	47	93
777715	0	7	38
777715	15	13	79
777715	37	3	43
777715	59	8	90
778964	0	3	40
778964	15	1	91
778964	37	0	47
778964	59	1	73
780591	0	1	25
780591	15	2	41
780591	37	2	26
780591	59	6	61
780875	0	14	37
780875	15	24	72
780875	37	12	28
780875	59	20	82
782987	0	2	27
782987	15	0	48
782987	37	0	27
782987	59	14	111
788003	0	1	39
788003	15	4	48
788003	37	0	33
788003	59	0	81
789852	0	2	42
789852	15	0	67
789852	37	1	42
789852	59	0	105
790267	0	15	49
790267	15	13	69
790267	37	21	45
790267	59	39	100
790554	0	3	35
790554	15	5	42
790554	37	7	46
790554	59	7	75
791215	0	11	46
791215	15	19	71
791215	37	14	35
791215	59	34	103
793693	0	3	29
793693	15	1	66
793693	37	3	42
793693	59	7	110
793694	0	3	29
793694	15	0	64
793694	37	3	42
793694	59	6	107
793695	0	1	26
793695	15	0	62
793695	37	2	37
793695	59	6	106
796825	0	20	45
796825	15	36	76
796825	37	20	48
796825	59	38	92
796978	0	7	45
796978	15	17	80
796978	37	17	51
796978	59	51	105
797166	0	2	30
797166	15	5	87
797166	37	0	36
797166	59	2	134
797493	0	1	24
797493	15	3	60
797493	37	3	27
797493	59	11	97
798907	0	2	27
798907	15	1	50
798907	37	0	35
798907	59	3	75
799287	0	1	29
799287	15	8	70
799287	37	1	46
799287	59	9	91
800284	0	1	52
800284	15	0	83
800284	37	0	62
800284	59	2	119
803754	0	4	41
803754	15	1	86
803754	37	0	51
803754	59	1	108
807136	0	6	27
807136	15	7	71
807136	37	2	20
807136	59	3	91
807142	0	4	28
807142	15	1	76
807142	37	0	20
807142	59	0	90
807200	0	1	30
807200	15	10	62
807200	37	4	25
807200	59	10	90
808582	0	6	50
808582	15	9	62
808582	37	11	53
808582	59	9	86
818980	0	2	26
818980	15	1	55
818980	37	0	33
818980	59	0	108
820183	0	15	32
820183	15	23	49
820183	37	10	23
820183	59	43	88
820913	0	4	44
820913	15	1	69
820913	37	0	40
820913	59	0	77
827588	0	1	35
827588	15	2	71
827588	37	1	45
827588	59	2	98
828050	0	1	37
828050	15	8	70
828050	37	0	35
828050	59	11	114
828447	0	1	40
828447	15	7	65
828447	37	1	37
828447	59	5	58
828864	0	2	31
828864	15	2	56
828864	37	0	30
828864	59	0	105
829208	0	12	42
829208	15	24	84
829208	37	11	45
829208	59	30	91
829334	0	3	31
829334	15	8	56
829334	37	2	32
829334	59	3	78
831037	0	11	45
831037	15	21	88
831037	37	8	54
831037	59	16	113
831127	0	15	48
831127	15	24	69
831127	37	16	45
831127	59	55	115
831139	0	18	49
831139	15	23	66
831139	37	20	50
831139	59	53	102
831248	0	16	41
831248	15	29	72
831248	37	27	45
831248	59	33	90
832079	0	8	40
832079	15	9	54
832079	37	13	53
832079	59	39	124
834451	0	1	15
834451	15	1	51
834451	37	0	27
834451	59	0	114
836392	0	15	37
836392	15	26	92
836392	37	19	57
836392	59	40	93
838085	0	11	35
838085	15	21	69
838085	37	9	44
838085	59	40	88
838228	0	9	48
838228	15	18	53
838228	37	16	49
838228	59	46	104
838284	0	9	55
838284	15	2	66
838284	37	2	51
838284	59	2	112
842013	0	9	42
842013	15	14	65
842013	37	5	41
842013	59	23	91
844187	0	16	49
844187	15	40	102
844187	37	16	47
844187	59	45	87
845181	0	10	31
845181	15	13	66
845181	37	8	40
845181	59	32	96
845248	0	21	43
845248	15	23	70
845248	37	24	67
845248	59	47	113
846084	0	3	48
846084	15	2	79
846084	37	0	50
846084	59	0	109
847283	0	1	54
847283	15	0	72
847283	37	0	51
847283	59	0	92
847380	0	5	53
847380	15	10	89
847380	37	10	61
847380	59	5	101
850192	0	10	40
850192	15	11	57
850192	37	6	28
850192	59	9	95
850539	0	18	37
850539	15	22	64
850539	37	12	30
850539	59	26	86
850652	0	1	37
850652	15	0	47
850652	37	2	30
850652	59	9	84
850655	0	1	33
850655	15	1	46
850655	37	1	27
850655	59	10	83
850658	0	1	28
850658	15	1	43
850658	37	2	26
850658	59	8	75
850660	0	1	29
850660	15	1	45
850660	37	3	29
850660	59	10	72
850697	0	2	18
850697	15	3	34
850697	37	1	31
850697	59	8	49
850962	0	9	40
850962	15	13	52
850962	37	13	33
850962	59	41	85
851782	0	10	36
851782	15	11	48
851782	37	9	45
851782	59	5	98
852025	0	13	48
852025	15	29	90
852025	37	9	63
852025	59	11	119
852169	0	1	30
852169	15	3	57
852169	37	4	28
852169	59	2	70
852420	0	4	55
852420	15	8	70
852420	37	10	48
852420	59	11	110
852448	0	7	42
852448	15	8	64
852448	37	7	42
852448	59	5	104
853331	0	2	47
853331	15	1	72
853331	37	0	30
853331	59	0	82
853451	0	6	44
853451	15	18	78
853451	37	19	54
853451	59	44	122
854283	0	19	54
854283	15	24	73
854283	37	12	47
854283	59	10	89
854509	0	3	57
854509	15	5	91
854509	37	2	53
854509	59	3	90
856386	0	3	41
856386	15	7	82
856386	37	2	42
856386	59	0	102
857894	0	1	29
857894	15	1	45
857894	37	0	38
857894	59	2	94
858728	0	14	34
858728	15	30	65
858728	37	9	26
858728	59	39	73
858840	0	7	34
858840	15	12	55
858840	37	8	28
858840	59	24	92
863619	0	3	26
863619	15	11	75
863619	37	4	39
863619	59	5	115
863911	0	4	34
863911	15	3	76
863911	37	0	43
863911	59	3	103
865184	0	8	28
865184	15	14	52
865184	37	9	24
865184	59	17	65
865235	0	9	31
865235	15	20	62
865235	37	2	29
865235	59	19	85
865245	0	8	28
865245	15	18	63
865245	37	9	40
865245	59	19	82
865364	0	12	27
865364	15	27	56
865364	37	15	37
865364	59	43	87
867715	0	2	33
867715	15	0	64
867715	37	1	48
867715	59	0	105
873404	0	2	20
873404	15	5	80
873404	37	0	31
873404	59	6	104
874127	0	5	30
874127	15	15	49
874127	37	13	41
874127	59	27	84
876583	0	4	47
876583	15	1	81
876583	37	0	56
876583	59	0	88
877270	0	6	44
877270	15	12	93
877270	37	9	48
877270	59	7	81
877429	0	21	53
877429	15	35	92
877429	37	22	64
877429	59	37	94
877480	0	2	55
877480	15	3	84
877480	37	0	57
877480	59	10	110
877700	0	11	47
877700	15	28	88
877700	37	25	45
877700	59	55	84
881015	0	9	42
881015	15	6	68
881015	37	5	31
881015	59	3	103
882707	0	3	57
882707	15	4	96
882707	37	3	49
882707	59	6	94
882821	0	2	34
882821	15	4	70
882821	37	3	36
882821	59	13	101
883062	0	9	41
883062	15	9	72
883062	37	6	36
883062	59	1	101
884031	0	1	40
884031	15	5	60
884031	37	1	37
884031	59	4	104
884197	0	2	19
884197	15	2	42
884197	37	7	23
884197	59	3	72
884824	0	2	39
884824	15	8	82
884824	37	6	42
884824	59	7	90
885048	0	10	35
885048	15	24	73
885048	37	14	58
885048	59	25	101
885587	0	12	30
885587	15	22	51
885587	37	27	56
885587	59	45	100
887054	0	15	31
887054	15	20	60
887054	37	34	52
887054	59	51	105
887576	0	16	40
887576	15	44	85
887576	37	20	51
887576	59	47	94
887687	0	12	39
887687	15	19	61
887687	37	13	46
887687	59	23	93
888412	0	5	22
888412	15	11	52
888412	37	8	29
888412	59	26	87
889075	0	18	43
889075	15	41	66
889075	37	34	55
889075	59	60	98
890586	0	9	48
890586	15	6	71
890586	37	9	62
890586	59	5	96
891118	0	13	31
891118	15	29	80
891118	37	20	54
891118	59	39	79
893132	0	5	33
893132	15	8	92
893132	37	1	42
893132	59	2	106
893270	0	4	40
893270	15	3	77
893270	37	0	42
893270	59	1	99
893486	0	2	34
893486	15	1	67
893486	37	0	43
893486	59	0	92
894324	0	5	39
894324	15	5	88
894324	37	3	30
894324	59	6	97
895883	0	14	53
895883	15	14	52
895883	37	3	36
895883	59	5	60
896593	0	2	30
896593	15	4	53
896593	37	7	52
896593	59	5	93
897176	0	5	26
897176	15	19	75
897176	37	10	35
897176	59	34	121
897559	0	23	50
897559	15	28	73
897559	37	18	49
897559	59	31	83
898442	0	11	44
898442	15	18	79
898442	37	16	52
898442	59	42	109
899841	0	19	46
899841	15	12	63
899841	37	21	54
899841	59	39	134
903318	0	14	43
903318	15	16	71
903318	37	4	45
903318	59	15	99
904179	0	16	44
904179	15	33	71
904179	37	31	49
904179	59	53	93
904654	0	26	56
904654	15	50	90
904654	37	30	56
904654	59	56	94
905102	0	7	31
905102	15	28	74
905102	37	24	46
905102	59	48	101
907713	0	3	36
907713	15	1	58
907713	37	0	49
907713	59	0	101
908144	0	4	54
908144	15	0	91
908144	37	0	52
908144	59	0	123
908535	0	5	39
908535	15	5	69
908535	37	2	37
908535	59	18	105
908776	0	2	41
908776	15	3	70
908776	37	3	46
908776	59	8	91
908833	0	13	34
908833	15	26	70
908833	37	13	29
908833	59	50	103
909490	0	3	31
909490	15	10	65
909490	37	6	41
909490	59	32	90
909588	0	2	27
909588	15	0	46
909588	37	0	21
909588	59	0	86
909610	0	4	20
909610	15	6	43
909610	37	7	25
909610	59	33	89
910387	0	1	43
910387	15	2	97
910387	37	2	36
910387	59	5	100
912049	0	12	47
912049	15	34	93
912049	37	15	36
912049	59	44	82
912580	0	7	37
912580	15	18	73
912580	37	7	52
912580	59	10	107
913339	0	7	39
913339	15	19	81
913339	37	17	52
913339	59	30	102
913402	0	24	50
913402	15	49	93
913402	37	22	53
913402	59	68	93
913974	0	11	49
913974	15	13	71
913974	37	6	66
913974	59	2	95
914163	0	16	44
914163	15	29	83
914163	37	24	45
914163	59	50	100
914494	0	11	39
914494	15	36	97
914494	37	19	48
914494	59	69	122
914523	0	17	44
914523	15	36	93
914523	37	22	51
914523	59	68	110
916589	0	28	56
916589	15	38	75
916589	37	33	65
916589	59	51	113
916925	0	27	54
916925	15	30	76
916925	37	25	58
916925	59	48	91
918177	0	11	32
918177	15	29	80
918177	37	12	35
918177	59	50	76
918183	0	1	29
918183	15	12	79
918183	37	2	32
918183	59	0	73
918560	0	13	46
918560	15	28	66
918560	37	30	59
918560	59	69	104
919817	0	1	41
919817	15	0	65
919817	37	0	41
919817	59	0	92
919880	0	7	33
919880	15	1	49
919880	37	2	30
919880	59	4	78
919932	0	5	35
919932	15	9	33
919932	37	6	32
919932	59	23	84
920447	0	5	45
920447	15	15	98
920447	37	2	45
920447	59	5	105
920448	0	2	47
920448	15	7	98
920448	37	0	46
920448	59	2	105
921680	0	14	47
921680	15	28	55
921680	37	20	44
921680	59	41	84
922385	0	14	44
922385	15	23	74
922385	37	25	58
922385	59	72	117
922700	0	9	36
922700	15	6	61
922700	37	4	40
922700	59	0	109
923429	0	3	51
923429	15	0	80
923429	37	0	19
923429	59	0	102
923904	0	13	50
923904	15	18	90
923904	37	17	48
923904	59	27	92
923917	0	10	42
923917	15	22	83
923917	37	21	54
923917	59	30	93
924040	0	1	44
924040	15	1	64
924040	37	0	39
924040	59	2	91
924425	0	4	50
924425	15	7	70
924425	37	3	59
924425	59	6	102
924785	0	23	52
924785	15	38	70
924785	37	26	51
924785	59	66	98
925536	0	17	37
925536	15	45	83
925536	37	29	39
925536	59	66	96
925841	0	1	39
925841	15	2	79
925841	37	2	53
925841	59	13	93
925990	0	5	28
925990	15	16	68
925990	37	17	40
925990	59	26	98
926005	0	1	30
926005	15	1	75
926005	37	0	39
926005	59	0	104
926015	0	2	33
926015	15	0	72
926015	37	0	43
926015	59	1	95
926514	0	9	37
926514	15	7	41
926514	37	4	30
926514	59	8	82
926676	0	1	28
926676	15	2	33
926676	37	1	26
926676	59	9	90
928477	0	4	23
928477	15	17	42
928477	37	11	31
928477	59	42	111
929730	0	18	37
929730	15	33	59
929730	37	8	36
929730	59	14	80
934649	0	12	33
934649	15	32	62
934649	37	37	51
934649	59	69	91
938352	0	6	46
938352	15	12	68
938352	37	4	35
938352	59	1	105
941113	0	13	47
941113	15	20	96
941113	37	4	39
941113	59	8	89
942752	0	18	44
942752	15	17	48
942752	37	11	54
942752	59	17	106
943229	0	6	35
943229	15	15	57
943229	37	8	57
943229	59	12	87
944596	0	11	57
944596	15	11	62
944596	37	12	59
944596	59	11	91
945024	0	7	34
945024	15	12	70
945024	37	9	56
945024	59	7	65
945250	0	13	35
945250	15	26	58
945250	37	14	49
945250	59	23	92
945289	0	1	40
945289	15	3	47
945289	37	1	50
945289	59	4	71
945291	0	2	41
945291	15	5	44
945291	37	2	51
945291	59	8	70
945296	0	1	38
945296	15	0	43
945296	37	1	50
945296	59	3	68
945577	0	6	43
945577	15	8	63
945577	37	5	47
945577	59	5	109
945632	0	7	48
945632	15	9	52
945632	37	8	46
945632	59	15	104
945905	0	2	35
945905	15	6	48
945905	37	2	31
945905	59	5	104
945906	0	2	35
945906	15	6	47
945906	37	2	31
945906	59	5	101
948697	0	1	50
948697	15	7	82
948697	37	8	64
948697	59	15	107
948837	0	22	56
948837	15	25	54
948837	37	13	57
948837	59	13	99
949393	0	2	38
949393	15	2	57
949393	37	0	58
949393	59	0	84
949399	0	3	39
949399	15	6	55
949399	37	6	58
949399	59	5	92
949636	0	12	37
949636	15	21	61
949636	37	16	59
949636	59	14	120
950020	0	20	41
950020	15	33	59
950020	37	41	53
950020	59	94	101
958079	0	14	48
958079	15	21	75
958079	37	13	52
958079	59	34	106
959421	0	12	38
959421	15	29	95
959421	37	7	39
959421	59	10	106
960702	0	10	38
960702	15	9	73
960702	37	6	42
960702	59	7	92
960763	0	1	39
960763	15	4	66
960763	37	3	53
960763	59	1	95
960900	0	14	34
960900	15	14	61
960900	37	1	24
960900	59	15	77
960927	0	14	49
960927	15	16	64
960927	37	0	30
960927	59	20	97
961386	0	6	41
961386	15	7	86
961386	37	9	48
961386	59	10	103
962616	0	12	27
962616	15	13	79
962616	37	3	18
962616	59	9	76
963176	0	9	33
963176	15	15	54
963176	37	13	36
963176	59	14	110
963476	0	2	40
963476	15	0	68
963476	37	2	42
963476	59	0	102
963763	0	6	44
963763	15	17	69
963763	37	2	35
963763	59	4	83
967150	0	10	42
967150	15	18	70
967150	37	6	38
967150	59	14	107
968181	0	10	55
968181	15	8	96
968181	37	7	50
968181	59	8	117
968415	0	4	39
968415	15	10	60
968415	37	3	39
968415	59	10	98
968457	0	8	40
968457	15	10	74
968457	37	9	61
968457	59	9	126
970194	0	2	37
970194	15	1	101
970194	37	1	50
970194	59	0	113
972519	0	17	44
972519	15	26	74
972519	37	16	52
972519	59	6	109
973171	0	1	47
973171	15	3	87
973171	37	4	62
973171	59	4	113
973221	0	16	34
973221	15	42	89
973221	37	16	52
973221	59	14	112
973222	0	14	33
973222	15	42	89
973222	37	15	52
973222	59	13	108
974038	0	3	44
974038	15	1	73
974038	37	0	52
974038	59	0	100
975007	0	12	53
975007	15	15	68
975007	37	2	39
975007	59	7	112
978162	0	14	42
978162	15	10	63
978162	37	5	40
978162	59	13	88
980135	0	12	29
980135	15	47	74
980135	37	18	30
980135	59	86	99
982210	0	11	35
982210	15	20	66
982210	37	11	39
982210	59	11	112
982544	0	9	31
982544	15	19	73
982544	37	10	43
982544	59	13	123
982845	0	2	28
982845	15	5	61
982845	37	3	54
982845	59	11	107
983254	0	21	43
983254	15	38	96
983254	37	15	65
983254	59	17	77
983467	0	8	37
983467	15	15	83
983467	37	7	44
983467	59	13	117
984718	0	1	44
984718	15	0	85
984718	37	0	39
984718	59	0	105
987585	0	14	52
987585	15	11	76
987585	37	7	54
987585	59	3	119
988326	0	25	52
988326	15	43	91
988326	37	13	46
988326	59	32	110
988984	0	1	32
988984	15	2	68
988984	37	0	38
988984	59	2	83
989386	0	12	38
989386	15	27	71
989386	37	6	43
989386	59	27	114
990885	0	10	24
990885	15	24	58
990885	37	11	37
990885	59	11	124
992270	0	18	43
992270	15	19	51
992270	37	14	48
992270	59	14	90
993224	0	16	35
993224	15	21	55
993224	37	16	55
993224	59	9	89
993901	0	16	47
993901	15	16	63
993901	37	12	59
993901	59	16	105
994587	0	21	45
994587	15	22	75
994587	37	13	48
994587	59	15	78
995360	0	18	55
995360	15	20	66
995360	37	8	40
995360	59	13	91
995850	0	12	37
995850	15	33	59
995850	37	42	61
995850	59	90	103
996493	0	1	44
996493	15	2	69
996493	37	0	62
996493	59	0	109
996721	0	1	46
996721	15	2	84
996721	37	2	56
996721	59	3	118
996722	0	3	46
996722	15	1	82
996722	37	0	51
996722	59	2	117
996844	0	17	57
996844	15	25	78
996844	37	8	52
996844	59	13	114
997146	0	13	44
997146	15	17	47
997146	37	5	31
997146	59	12	102
997626	0	9	18
997626	15	22	34
997626	37	20	25
997626	59	36	45
999190	0	10	34
999190	15	20	62
999190	37	14	51
999190	59	18	103
999322	0	18	43
999322	15	26	73
999322	37	13	49
999322	59	21	113
999326	0	18	40
999326	15	28	71
999326	37	12	51
999326	59	21	113
999329	0	17	38
999329	15	26	72
999329	37	12	52
999329	59	21	113
999568	0	15	39
999568	15	27	79
999568	37	20	52
999568	59	58	118
1000326	0	16	49
1000326	15	33	71
1000326	37	12	40
1000326	59	15	124
1000663	0	18	40
1000663	15	66	100
1000663	37	32	48
1000663	59	75	102
1002618	0	1	32
1002618	15	1	71
1002618	37	2	45
1002618	59	1	136
1002735	0	17	51
1002735	15	30	64
1002735	37	21	51
1002735	59	31	119
1003419	0	2	25
1003419	15	5	55
1003419	37	2	33
1003419	59	1	95
1005256	0	6	16
1005256	15	13	37
1005256	37	5	23
1005256	59	11	119
1005868	0	12	26
1005868	15	39	56
1005868	37	34	44
1005868	59	92	102
1006584	0	10	29
1006584	15	14	54
1006584	37	9	30
1006584	59	11	102
1006637	0	11	27
1006637	15	40	52
1006637	37	27	34
1006637	59	84	93
1006792	0	20	52
1006792	15	14	59
1006792	37	14	44
1006792	59	15	107
1008176	0	3	34
1008176	15	4	66
1008176	37	3	50
1008176	59	0	56
1008180	0	3	33
1008180	15	4	61
1008180	37	3	52
1008180	59	0	68
1008343	0	2	22
1008343	15	1	55
1008343	37	0	28
1008343	59	3	112
1008350	0	2	20
1008350	15	1	52
1008350	37	0	26
1008350	59	3	109
1009575	0	18	54
1009575	15	18	79
1009575	37	3	45
1009575	59	14	117
1009604	0	16	51
1009604	15	28	68
1009604	37	7	41
1009604	59	19	133
1010542	0	3	43
1010542	15	0	40
1010542	37	0	20
1010542	59	0	86
1010795	0	11	40
1010795	15	25	54
1010795	37	9	34
1010795	59	12	84
1011769	0	22	53
1011769	15	29	72
1011769	37	13	50
1011769	59	8	74
1011907	0	10	30
1011907	15	7	43
1011907	37	3	17
1011907	59	31	49
1011930	0	9	26
1011930	15	7	48
1011930	37	11	26
1011930	59	14	23
1011931	0	8	26
1011931	15	7	48
1011931	37	11	27
1011931	59	14	24
1011970	0	15	30
1011970	15	28	50
1011970	37	15	40
1011970	59	14	81
1012307	0	7	48
1012307	15	6	76
1012307	37	5	68
1012307	59	5	100
1012359	0	1	50
1012359	15	4	66
1012359	37	3	60
1012359	59	3	92
1012360	0	1	50
1012360	15	3	66
1012360	37	2	60
1012360	59	3	96
1013978	0	15	42
1013978	15	19	66
1013978	37	5	45
1013978	59	17	82
1014256	0	1	45
1014256	15	0	62
1014256	37	0	50
1014256	59	1	108
1014427	0	11	45
1014427	15	16	90
1014427	37	11	54
1014427	59	12	104
1015604	0	1	44
1015604	15	3	64
1015604	37	2	57
1015604	59	0	134
1017057	0	1	35
1017057	15	5	74
1017057	37	9	47
1017057	59	7	97
1017249	0	1	26
1017249	15	4	50
1017249	37	1	35
1017249	59	15	99
1017920	0	1	49
1017920	15	0	52
1017920	37	2	62
1017920	59	6	104
1018293	0	8	50
1018293	15	0	92
1018293	37	0	68
1018293	59	0	130
1022377	0	4	46
1022377	15	14	66
1022377	37	0	53
1022377	59	6	112
1023243	0	2	39
1023243	15	6	66
1023243	37	5	41
1023243	59	15	67
1023449	0	15	41
1023449	15	13	86
1023449	37	11	45
1023449	59	6	90
1023575	0	7	37
1023575	15	5	99
1023575	37	2	51
1023575	59	0	78
1024735	0	5	27
1024735	15	6	35
1024735	37	7	41
1024735	59	16	109
1025587	0	6	28
1025587	15	4	67
1025587	37	2	43
1025587	59	4	85
1028630	0	11	34
1028630	15	7	52
1028630	37	6	50
1028630	59	13	97
1029121	0	7	40
1029121	15	15	75
1029121	37	7	58
1029121	59	11	98
1029167	0	6	42
1029167	15	8	80
1029167	37	5	44
1029167	59	3	115
1029173	0	6	40
1029173	15	8	79
1029173	37	5	40
1029173	59	3	114
1029302	0	4	17
1029302	15	16	41
1029302	37	2	25
1029302	59	12	97
1030860	0	4	35
1030860	15	6	59
1030860	37	4	56
1030860	59	14	119
1033359	0	3	40
1033359	15	4	69
1033359	37	4	48
1033359	59	11	98
1034501	0	1	26
1034501	15	3	80
1034501	37	5	57
1034501	59	7	110
1034504	0	1	26
1034504	15	1	83
1034504	37	2	53
1034504	59	1	105
1034904	0	9	35
1034904	15	21	81
1034904	37	19	65
1034904	59	14	118
1036408	0	14	50
1036408	15	22	59
1036408	37	17	65
1036408	59	19	129
1036720	0	2	42
1036720	15	1	52
1036720	37	1	64
1036720	59	0	100
1044124	0	9	29
1044124	15	15	63
1044124	37	8	33
1044124	59	11	117
1045770	0	19	48
1045770	15	11	54
1045770	37	9	46
1045770	59	14	94
1046585	0	19	49
1046585	15	29	78
1046585	37	12	39
1046585	59	11	105
1048310	0	1	47
1048310	15	5	79
1048310	37	5	57
1048310	59	9	101
1048312	0	9	45
1048312	15	20	79
1048312	37	14	57
1048312	59	8	94
1048656	0	4	46
1048656	15	9	72
1048656	37	6	41
1048656	59	8	94
1048778	0	2	38
1048778	15	3	52
1048778	37	9	45
1048778	59	15	87
1049098	0	4	42
1049098	15	7	60
1049098	37	2	43
1049098	59	2	125
1049303	0	3	41
1049303	15	8	76
1049303	37	0	36
1049303	59	1	98
1050327	0	21	52
1050327	15	30	74
1050327	37	16	59
1050327	59	23	93
1050328	0	22	52
1050328	15	29	72
1050328	37	15	60
1050328	59	23	93
1050330	0	22	51
1050330	15	31	73
1050330	37	15	56
1050330	59	24	99
1050514	0	5	48
1050514	15	4	80
1050514	37	3	54
1050514	59	1	109
1052814	0	2	39
1052814	15	0	41
1052814	37	1	39
1052814	59	0	81
1055799	0	6	36
1055799	15	5	62
1055799	37	13	59
1055799	59	15	120
1057697	0	4	45
1057697	15	8	80
1057697	37	6	61
1057697	59	29	108
1058492	0	3	41
1058492	15	1	62
1058492	37	1	68
1058492	59	0	123
1058493	0	3	45
1058493	15	1	63
1058493	37	1	67
1058493	59	0	124
1059286	0	1	43
1059286	15	3	56
1059286	37	3	50
1059286	59	15	104
1059494	0	18	37
1059494	15	32	93
1059494	37	13	49
1059494	59	36	109
1059802	0	4	28
1059802	15	7	50
1059802	37	3	48
1059802	59	11	102
1062653	0	16	36
1062653	15	22	59
1062653	37	14	65
1062653	59	20	87
1068059	0	2	34
1068059	15	7	92
1068059	37	2	59
1068059	59	0	121
1068956	0	7	41
1068956	15	17	68
1068956	37	17	62
1068956	59	38	117
1069117	0	1	38
1069117	15	5	74
1069117	37	0	54
1069117	59	0	115
1069120	0	1	36
1069120	15	5	72
1069120	37	0	49
1069120	59	0	107
1069937	0	1	24
1069937	15	1	44
1069937	37	3	40
1069937	59	5	88
1071391	0	5	46
1071391	15	8	85
1071391	37	5	50
1071391	59	12	106
1071651	0	2	49
1071651	15	2	70
1071651	37	5	58
1071651	59	5	95
1071908	0	3	54
1071908	15	1	81
1071908	37	2	47
1071908	59	0	122
1072176	0	3	38
1072176	15	10	61
1072176	37	2	38
1072176	59	9	97
1072180	0	2	42
1072180	15	2	60
1072180	37	1	42
1072180	59	0	100
1072823	0	11	38
1072823	15	18	84
1072823	37	8	54
1072823	59	6	104
1073300	0	6	38
1073300	15	2	55
1073300	37	4	48
1073300	59	15	84
1074431	0	2	39
1074431	15	0	61
1074431	37	3	32
1074431	59	9	95
1074841	0	4	36
1074841	15	9	57
1074841	37	7	44
1074841	59	2	87
1076263	0	2	52
1076263	15	1	99
1076263	37	0	58
1076263	59	1	127
1076265	0	7	53
1076265	15	4	99
1076265	37	10	55
1076265	59	18	119
1076420	0	17	43
1076420	15	29	91
1076420	37	11	44
1076420	59	20	117
1076435	0	4	49
1076435	15	7	91
1076435	37	3	39
1076435	59	9	113
1076609	0	2	33
1076609	15	8	59
1076609	37	0	62
1076609	59	0	96
1077709	0	1	56
1077709	15	0	81
1077709	37	0	58
1077709	59	0	117
1082684	0	7	21
1082684	15	11	53
1082684	37	7	42
1082684	59	17	110
1083320	0	1	44
1083320	15	0	51
1083320	37	1	52
1083320	59	0	104
1084542	0	2	41
1084542	15	6	49
1084542	37	0	56
1084542	59	2	115
1084795	0	6	26
1084795	15	6	46
1084795	37	3	32
1084795	59	3	94
1084797	0	6	28
1084797	15	6	47
1084797	37	3	36
1084797	59	3	92
1086144	0	2	34
1086144	15	2	77
1086144	37	1	61
1086144	59	0	92
1086446	0	8	44
1086446	15	12	99
1086446	37	2	66
1086446	59	0	93
1089726	0	2	26
1089726	15	0	52
1089726	37	1	35
1089726	59	2	85
1094726	0	3	51
1094726	15	0	87
1094726	37	0	48
1094726	59	0	106
1096674	0	1	38
1096674	15	0	55
1096674	37	1	60
1096674	59	0	100
1101284	0	6	32
1101284	15	12	61
1101284	37	9	46
1101284	59	7	101
1107540	0	9	39
1107540	15	6	43
1107540	37	10	57
1107540	59	9	114
1109560	0	3	47
1109560	15	1	74
1109560	37	0	50
1109560	59	1	129
1114806	0	6	48
1114806	15	7	55
1114806	37	11	55
1114806	59	12	91
1119113	0	1	31
1119113	15	2	51
1119113	37	0	23
1119113	59	0	80
1119870	0	8	45
1119870	15	13	81
1119870	37	20	56
1119870	59	23	119
1121089	0	2	42
1121089	15	1	58
1121089	37	0	47
1121089	59	6	94
1125945	0	12	30
1125945	15	18	66
1125945	37	14	40
1125945	59	23	96
1127702	0	3	31
1127702	15	2	56
1127702	37	5	46
1127702	59	24	135
1127706	0	2	33
1127706	15	2	63
1127706	37	4	48
1127706	59	15	136
1127709	0	2	33
1127709	15	0	61
1127709	37	3	47
1127709	59	3	126
1129188	0	5	33
1129188	15	4	70
1129188	37	1	38
1129188	59	0	111
1131714	0	12	49
1131714	15	15	86
1131714	37	9	55
1131714	59	20	113
1131966	0	3	49
1131966	15	6	71
1131966	37	2	51
1131966	59	0	107
1133799	0	7	27
1133799	15	5	52
1133799	37	1	37
1133799	59	0	120
1133800	0	6	26
1133800	15	6	53
1133800	37	2	39
1133800	59	0	122
1134903	0	1	31
1134903	15	7	85
1134903	37	3	45
1134903	59	17	122
1136673	0	1	41
1136673	15	3	67
1136673	37	3	57
1136673	59	9	129
1138584	0	1	29
1138584	15	3	62
1138584	37	2	35
1138584	59	0	92
1138604	0	6	36
1138604	15	14	58
1138604	37	8	33
1138604	59	10	84
1138645	0	1	41
1138645	15	1	51
1138645	37	0	42
1138645	59	0	79
1139110	0	13	46
1139110	15	28	82
1139110	37	10	44
1139110	59	17	78
1139811	0	1	36
1139811	15	3	62
1139811	37	0	59
1139811	59	0	93
1142140	0	1	40
1142140	15	6	83
1142140	37	3	39
1142140	59	0	99
1142357	0	4	46
1142357	15	8	69
1142357	37	3	56
1142357	59	1	108
1142651	0	4	41
1142651	15	4	50
1142651	37	2	65
1142651	59	0	93
1142952	0	2	46
1142952	15	7	65
1142952	37	2	66
1142952	59	4	106
1143187	0	1	43
1143187	15	0	55
1143187	37	0	30
1143187	59	0	79
1144120	0	1	41
1144120	15	2	78
1144120	37	2	59
1144120	59	7	105
1144122	0	1	42
1144122	15	1	77
1144122	37	2	64
1144122	59	3	97
1144486	0	2	45
1144486	15	6	78
1144486	37	2	51
1144486	59	0	108
1144591	0	6	40
1144591	15	2	45
1144591	37	1	49
1144591	59	1	104
1147212	0	1	24
1147212	15	1	50
1147212	37	2	36
1147212	59	0	87
1147220	0	1	22
1147220	15	0	48
1147220	37	0	36
1147220	59	0	91
1147271	0	3	15
1147271	15	2	42
1147271	37	1	37
1147271	59	0	94
1148197	0	6	51
1148197	15	6	71
1148197	37	2	46
1148197	59	0	116
1149512	0	5	54
1149512	15	7	70
1149512	37	3	54
1149512	59	0	104
1150485	0	9	41
1150485	15	10	83
1150485	37	1	53
1150485	59	1	126
1150564	0	10	28
1150564	15	21	63
1150564	37	13	40
1150564	59	40	125
1150599	0	3	27
1150599	15	5	65
1150599	37	1	32
1150599	59	0	85
1151593	0	3	39
1151593	15	4	51
1151593	37	0	51
1151593	59	0	120
1151607	0	4	42
1151607	15	3	50
1151607	37	0	55
1151607	59	0	106
1151633	0	18	49
1151633	15	13	63
1151633	37	6	59
1151633	59	14	111
1154210	0	2	51
1154210	15	0	69
1154210	37	0	31
1154210	59	0	88
1155675	0	7	42
1155675	15	2	65
1155675	37	2	67
1155675	59	0	91
1156212	0	1	24
1156212	15	1	44
1156212	37	2	27
1156212	59	0	88
1156750	0	1	22
1156750	15	4	52
1156750	37	1	30
1156750	59	0	73
1156799	0	1	27
1156799	15	5	52
1156799	37	1	30
1156799	59	1	109
1156826	0	3	24
1156826	15	3	48
1156826	37	0	18
1156826	59	1	88
1156877	0	1	31
1156877	15	0	50
1156877	37	0	19
1156877	59	0	102
1157224	0	2	24
1157224	15	3	50
1157224	37	0	26
1157224	59	2	82
1157232	0	1	17
1157232	15	3	33
1157232	37	0	22
1157232	59	2	50
1157284	0	6	48
1157284	15	3	78
1157284	37	2	49
1157284	59	0	99
1157672	0	1	27
1157672	15	0	43
1157672	37	0	24
1157672	59	2	66
1157782	0	4	23
1157782	15	8	40
1157782	37	2	30
1157782	59	0	80
1159613	0	8	48
1159613	15	6	94
1159613	37	0	43
1159613	59	0	119
1162633	0	13	32
1162633	15	21	58
1162633	37	2	35
1162633	59	10	93
1162875	0	1	38
1162875	15	1	70
1162875	37	0	53
1162875	59	0	98
1163059	0	3	45
1163059	15	1	70
1163059	37	1	59
1163059	59	10	83
1163165	0	4	31
1163165	15	2	47
1163165	37	1	43
1163165	59	0	76
1163376	0	8	39
1163376	15	12	72
1163376	37	10	43
1163376	59	2	75
1168387	0	1	51
1168387	15	0	94
1168387	37	0	50
1168387	59	0	98
1168547	0	1	47
1168547	15	3	94
1168547	37	3	40
1168547	59	7	110
1170142	0	1	46
1170142	15	1	64
1170142	37	1	28
1170142	59	19	134
1171021	0	5	42
1171021	15	1	62
1171021	37	2	44
1171021	59	0	123
1172121	0	2	38
1172121	15	1	64
1172121	37	0	58
1172121	59	0	86
1172538	0	1	34
1172538	15	2	57
1172538	37	1	65
1172538	59	1	110
1172791	0	6	43
1172791	15	5	72
1172791	37	4	59
1172791	59	1	104
1173026	0	13	34
1173026	15	16	63
1173026	37	11	41
1173026	59	12	100
1176490	0	3	26
1176490	15	3	69
1176490	37	3	42
1176490	59	4	109
1176923	0	8	40
1176923	15	1	63
1176923	37	1	47
1176923	59	0	121
1176964	0	4	33
1176964	15	2	50
1176964	37	1	32
1176964	59	0	107
1176965	0	4	31
1176965	15	2	46
1176965	37	1	35
1176965	59	0	103
1177121	0	3	30
1177121	15	1	60
1177121	37	0	53
1177121	59	0	125
1177216	0	5	34
1177216	15	4	40
1177216	37	1	38
1177216	59	1	87
1184246	0	3	30
1184246	15	4	54
1184246	37	0	44
1184246	59	0	99
1184250	0	1	29
1184250	15	1	59
1184250	37	0	45
1184250	59	0	95
1185361	0	7	38
1185361	15	6	102
1185361	37	1	55
1185361	59	0	76
1185682	0	2	52
1185682	15	4	98
1185682	37	3	56
1185682	59	4	125
1185689	0	11	54
1185689	15	7	103
1185689	37	3	54
1185689	59	0	124
1185975	0	3	22
1185975	15	6	56
1185975	37	1	41
1185975	59	0	99
1186698	0	1	34
1186698	15	7	93
1186698	37	0	45
1186698	59	11	101
1189952	0	2	40
1189952	15	9	69
1189952	37	17	61
1189952	59	11	100
1190136	0	8	40
1190136	15	19	83
1190136	37	11	46
1190136	59	6	97
1190676	0	6	38
1190676	15	6	69
1190676	37	2	49
1190676	59	0	105
1191499	0	13	60
1191499	15	8	86
1191499	37	4	59
1191499	59	0	110
1199490	0	1	31
1199490	15	1	72
1199490	37	4	45
1199490	59	17	92
1202416	0	1	55
1202416	15	2	61
1202416	37	1	65
1202416	59	1	119
1205061	0	2	28
1205061	15	10	50
1205061	37	4	33
1205061	59	11	105
1206158	0	6	34
1206158	15	6	77
1206158	37	3	59
1206158	59	1	100
1207020	0	2	40
1207020	15	12	76
1207020	37	12	59
1207020	59	6	95
1209305	0	9	54
1209305	15	9	63
1209305	37	4	68
1209305	59	12	115
1210671	0	7	38
1210671	15	11	52
1210671	37	5	41
1210671	59	27	112
1212229	0	1	33
1212229	15	3	46
1212229	37	3	55
1212229	59	8	84
1212232	0	1	33
1212232	15	1	45
1212232	37	0	60
1212232	59	5	82
1213397	0	5	49
1213397	15	2	61
1213397	37	5	46
1213397	59	0	93
1213419	0	5	45
1213419	15	2	50
1213419	37	5	44
1213419	59	0	88
1213423	0	5	43
1213423	15	2	49
1213423	37	5	40
1213423	59	0	87
1213687	0	1	20
1213687	15	5	35
1213687	37	4	40
1213687	59	5	67
1213690	0	1	22
1213690	15	5	38
1213690	37	4	43
1213690	59	5	72
1213705	0	1	26
1213705	15	6	50
1213705	37	3	46
1213705	59	5	76
1213761	0	1	32
1213761	15	0	72
1213761	37	0	46
1213761	59	0	79
1217869	0	1	40
1217869	15	2	71
1217869	37	3	51
1217869	59	18	84
1218332	0	1	43
1218332	15	1	63
1218332	37	0	45
1218332	59	0	113
1222936	0	7	28
1222936	15	10	47
1222936	37	9	29
1222936	59	11	52
1223867	0	4	49
1223867	15	6	82
1223867	37	2	45
1223867	59	0	105
1227837	0	7	52
1227837	15	4	67
1227837	37	2	57
1227837	59	2	86
1227868	0	10	48
1227868	15	7	69
1227868	37	0	55
1227868	59	8	89
1230362	0	2	38
1230362	15	2	72
1230362	37	0	25
1230362	59	1	93
1230560	0	2	38
1230560	15	2	78
1230560	37	1	46
1230560	59	0	115
1230607	0	3	35
1230607	15	9	82
1230607	37	1	31
1230607	59	1	101
1230901	0	1	28
1230901	15	8	54
1230901	37	0	30
1230901	59	5	71
1232295	0	2	43
1232295	15	2	72
1232295	37	0	43
1232295	59	0	86
1233643	0	5	41
1233643	15	6	68
1233643	37	5	61
1233643	59	1	102
1236993	0	4	49
1236993	15	5	84
1236993	37	3	40
1236993	59	9	105
1237490	0	5	48
1237490	15	3	71
1237490	37	4	48
1237490	59	3	83
1246214	0	1	43
1246214	15	4	80
1246214	37	3	37
1246214	59	15	106
1246727	0	1	35
1246727	15	0	43
1246727	37	0	49
1246727	59	0	87
1247404	0	2	49
1247404	15	2	73
1247404	37	4	49
1247404	59	10	120
1248370	0	1	59
1248370	15	1	92
1248370	37	0	50
1248370	59	0	100
1249406	0	1	60
1249406	15	2	69
1249406	37	0	50
1249406	59	0	95
1252849	0	2	30
1252849	15	4	75
1252849	37	2	54
1252849	59	10	88
1252889	0	1	28
1252889	15	2	76
1252889	37	0	47
1252889	59	6	78
1252975	0	1	43
1252975	15	0	62
1252975	37	0	52
1252975	59	2	87
1252988	0	1	45
1252988	15	3	67
1252988	37	1	64
1252988	59	1	97
1253434	0	1	49
1253434	15	1	76
1253434	37	1	57
1253434	59	5	138
1254470	0	3	20
1254470	15	1	42
1254470	37	0	40
1254470	59	1	87
1266477	0	2	45
1266477	15	4	42
1266477	37	3	58
1266477	59	0	118
1266618	0	7	33
1266618	15	11	62
1266618	37	15	57
1266618	59	34	123
1267398	0	5	26
1267398	15	2	52
1267398	37	3	44
1267398	59	1	74
1267457	0	2	28
1267457	15	1	73
1267457	37	1	51
1267457	59	1	98
1268294	0	9	45
1268294	15	10	74
1268294	37	5	57
1268294	59	0	113
1274361	0	1	44
1274361	15	1	60
1274361	37	0	38
1274361	59	0	83
1274374	0	4	48
1274374	15	2	66
1274374	37	0	37
1274374	59	0	90
1275692	0	3	30
1275692	15	0	57
1275692	37	0	59
1275692	59	0	117
