30395	0	4	48
30395	15	5	27
30395	37	2	20
30395	59	14	76
51973	0	4	54
51973	15	3	53
51973	37	1	32
51973	59	9	103
61790	0	20	68
61790	15	27	68
61790	37	9	26
61790	59	42	91
64737	0	17	56
64737	15	24	51
64737	37	8	23
64737	59	41	92
64889	0	1	45
64889	15	0	36
64889	37	1	31
64889	59	12	106
65907	0	5	45
65907	15	2	43
65907	37	4	39
65907	59	1	92
66238	0	1	24
66238	15	4	35
66238	37	2	32
66238	59	3	109
66261	0	1	23
66261	15	1	27
66261	37	1	28
66261	59	4	120
66395	0	1	27
66395	15	1	49
66395	37	4	56
66395	59	9	115
66483	0	11	31
66483	15	11	41
66483	37	21	40
66483	59	38	118
68193	0	11	31
68193	15	17	40
68193	37	11	37
68193	59	21	80
68752	0	2	63
68752	15	4	56
68752	37	0	37
68752	59	5	124
69080	0	2	52
69080	15	0	51
69080	37	6	38
69080	59	2	102
71773	0	4	92
71773	15	9	48
71773	37	3	19
71773	59	9	88
71913	0	15	57
71913	15	10	43
71913	37	15	36
71913	59	41	109
72039	0	8	86
72039	15	13	65
72039	37	7	47
72039	59	26	102
72091	0	1	97
72091	15	1	69
72091	37	1	22
72091	59	2	120
72246	0	14	57
72246	15	2	35
72246	37	8	41
72246	59	14	94
72537	0	2	84
72537	15	3	67
72537	37	1	30
72537	59	0	85
72606	0	3	86
72606	15	5	77
72606	37	0	34
72606	59	0	94
81454	0	7	34
81454	15	7	32
81454	37	18	47
81454	59	45	106
82079	0	14	48
82079	15	19	58
82079	37	18	49
82079	59	43	76
82171	0	5	64
82171	15	6	83
82171	37	4	30
82171	59	3	93
82263	0	11	55
82263	15	25	71
82263	37	25	49
82263	59	47	85
82302	0	13	36
82302	15	12	59
82302	37	5	47
82302	59	7	73
83130	0	5	45
83130	15	2	28
83130	37	9	31
83130	59	26	121
83403	0	2	71
83403	15	1	63
83403	37	0	49
83403	59	3	121
84061	0	2	28
84061	15	1	42
84061	37	5	37
84061	59	2	96
84062	0	2	30
84062	15	0	41
84062	37	2	33
84062	59	2	95
84206	0	3	21
84206	15	9	28
84206	37	17	33
84206	59	45	123
84534	0	2	27
84534	15	2	28
84534	37	1	22
84534	59	11	127
85116	0	17	63
85116	15	21	59
85116	37	3	30
85116	59	12	86
85201	0	2	99
85201	15	1	78
85201	37	5	48
85201	59	4	109
85304	0	5	83
85304	15	6	71
85304	37	0	38
85304	59	4	91
85521	0	17	46
85521	15	23	64
85521	37	27	48
85521	59	59	114
85538	0	18	42
85538	15	23	56
85538	37	12	40
85538	59	32	104
86637	0	2	28
86637	15	3	35
86637	37	2	27
86637	59	4	118
86776	0	16	42
86776	15	23	66
86776	37	17	49
86776	59	44	94
87965	0	18	71
87965	15	14	72
87965	37	16	41
87965	59	44	118
88376	0	1	30
88376	15	2	39
88376	37	0	41
88376	59	1	61
89381	0	16	99
89381	15	4	52
89381	37	1	42
89381	59	9	94
89474	0	1	88
89474	15	6	67
89474	37	2	40
89474	59	0	112
89877	0	13	38
89877	15	9	36
89877	37	10	34
89877	59	27	102
91430	0	10	26
91430	15	22	51
91430	37	13	31
91430	59	42	93
92077	0	4	35
92077	15	4	34
92077	37	2	23
92077	59	14	81
92082	0	13	38
92082	15	7	33
92082	37	13	26
92082	59	49	84
93547	0	1	15
93547	15	1	25
93547	37	2	38
93547	59	10	98
96530	0	5	31
96530	15	2	29
96530	37	8	46
96530	59	17	113
96813	0	3	32
96813	15	3	49
96813	37	4	47
96813	59	2	111
96858	0	1	40
96858	15	4	58
96858	37	2	47
96858	59	1	119
103266	0	6	54
103266	15	9	37
103266	37	8	40
103266	59	27	82
103498	0	5	33
103498	15	1	28
103498	37	1	35
103498	59	0	82
104162	0	1	38
104162	15	0	26
104162	37	0	16
104162	59	3	77
104163	0	1	37
104163	15	0	26
104163	37	0	15
104163	59	1	70
104931	0	1	21
104931	15	1	30
104931	37	3	35
104931	59	8	96
105001	0	2	21
105001	15	3	29
105001	37	3	40
105001	59	6	100
105901	0	5	60
105901	15	6	57
105901	37	3	48
105901	59	5	122
106307	0	3	36
106307	15	2	50
106307	37	13	60
106307	59	26	103
106308	0	4	35
106308	15	2	44
106308	37	13	57
106308	59	25	105
106890	0	1	15
106890	15	1	30
106890	37	3	39
106890	59	13	85
107504	0	1	69
107504	15	0	41
107504	37	2	39
107504	59	1	122
108441	0	2	19
108441	15	0	44
108441	37	4	41
108441	59	5	115
110688	0	5	29
110688	15	0	34
110688	37	20	56
110688	59	21	104
110829	0	1	33
110829	15	1	35
110829	37	2	44
110829	59	3	101
111480	0	2	22
111480	15	0	32
111480	37	13	38
111480	59	12	123
114043	0	5	23
114043	15	10	29
114043	37	7	41
114043	59	27	129
115184	0	2	62
115184	15	3	60
115184	37	2	43
115184	59	2	98
115202	0	9	55
115202	15	2	64
115202	37	10	46
115202	59	11	99
117496	0	1	33
117496	15	1	36
117496	37	5	40
117496	59	5	82
117791	0	4	37
117791	15	2	56
117791	37	10	40
117791	59	36	93
117797	0	3	38
117797	15	2	55
117797	37	11	39
117797	59	34	95
117982	0	1	36
117982	15	3	39
117982	37	0	32
117982	59	0	95
118590	0	28	57
118590	15	17	45
118590	37	8	23
118590	59	23	87
118689	0	6	29
118689	15	6	27
118689	37	16	24
118689	59	33	69
120017	0	3	36
120017	15	6	41
120017	37	7	36
120017	59	13	97
120227	0	3	27
120227	15	1	37
120227	37	8	37
120227	59	24	112
120296	0	5	18
120296	15	0	29
120296	37	6	36
120296	59	13	79
120418	0	3	28
120418	15	3	44
120418	37	14	48
120418	59	28	127
122068	0	3	64
122068	15	8	52
122068	37	3	42
122068	59	7	82
122802	0	3	37
122802	15	2	50
122802	37	3	47
122802	59	2	99
125764	0	1	20
125764	15	2	28
125764	37	1	56
125764	59	3	132
126494	0	2	45
126494	15	0	43
126494	37	0	32
126494	59	3	77
126672	0	3	47
126672	15	2	25
126672	37	0	24
126672	59	5	99
128101	0	5	46
128101	15	2	32
128101	37	6	15
128101	59	6	76
128551	0	9	99
128551	15	2	47
128551	37	7	22
128551	59	13	88
128830	0	5	72
128830	15	8	67
128830	37	4	48
128830	59	1	113
129321	0	1	39
129321	15	0	63
129321	37	2	42
129321	59	11	83
129340	0	1	42
129340	15	0	64
129340	37	2	40
129340	59	9	84
129929	0	2	56
129929	15	0	37
129929	37	0	47
129929	59	1	92
130169	0	3	21
130169	15	6	42
130169	37	4	40
130169	59	5	133
132000	0	2	55
132000	15	2	46
132000	37	0	29
132000	59	0	89
132012	0	2	63
132012	15	3	48
132012	37	0	32
132012	59	0	78
134742	0	3	48
134742	15	11	49
134742	37	7	48
134742	59	17	85
141452	0	2	47
141452	15	5	40
141452	37	6	53
141452	59	5	109
141609	0	2	83
141609	15	2	48
141609	37	1	29
141609	59	0	99
141613	0	4	79
141613	15	4	45
141613	37	1	27
141613	59	1	103
142234	0	4	88
142234	15	1	73
142234	37	1	36
142234	59	1	121
148128	0	1	25
148128	15	2	40
148128	37	0	53
148128	59	0	120
156112	0	19	59
156112	15	19	62
156112	37	21	41
156112	59	56	121
158348	0	2	32
158348	15	0	24
158348	37	2	63
158348	59	2	116
158825	0	11	78
158825	15	10	68
158825	37	6	42
158825	59	22	93
159071	0	7	60
159071	15	7	40
159071	37	3	31
159071	59	11	80
166065	0	5	99
166065	15	4	75
166065	37	0	38
166065	59	1	99
168905	0	10	32
168905	15	8	36
168905	37	4	47
168905	59	16	115
169738	0	2	32
169738	15	2	44
169738	37	6	28
169738	59	17	113
169766	0	5	35
169766	15	7	36
169766	37	0	31
169766	59	16	95
171088	0	1	27
171088	15	8	24
171088	37	5	47
171088	59	19	103
172410	0	3	31
172410	15	8	55
172410	37	0	37
172410	59	5	109
172505	0	2	46
172505	15	3	68
172505	37	0	31
172505	59	0	89
172598	0	2	39
172598	15	8	72
172598	37	1	52
172598	59	4	102
172622	0	4	34
172622	15	16	68
172622	37	9	56
172622	59	30	109
172727	0	5	25
172727	15	4	39
172727	37	11	51
172727	59	19	97
172772	0	6	30
172772	15	7	40
172772	37	8	48
172772	59	9	97
173601	0	1	33
173601	15	2	55
173601	37	1	56
173601	59	7	125
175318	0	9	53
175318	15	8	61
175318	37	13	40
175318	59	29	105
175465	0	2	60
175465	15	1	42
175465	37	2	44
175465	59	0	102
175656	0	14	73
175656	15	10	51
175656	37	3	19
175656	59	7	107
180780	0	7	75
180780	15	3	55
180780	37	10	44
180780	59	20	93
181744	0	5	36
181744	15	1	46
181744	37	18	41
181744	59	37	97
183117	0	1	40
183117	15	0	43
183117	37	5	56
183117	59	9	118
183279	0	1	43
183279	15	0	53
183279	37	0	47
183279	59	0	106
184207	0	2	33
184207	15	3	50
184207	37	1	60
184207	59	1	110
184479	0	8	30
184479	15	6	28
184479	37	20	58
184479	59	47	133
185478	0	15	46
185478	15	15	53
185478	37	20	45
185478	59	39	108
185827	0	3	32
185827	15	9	44
185827	37	14	45
185827	59	27	124
186336	0	12	50
186336	15	2	55
186336	37	11	35
186336	59	30	92
186346	0	2	56
186346	15	3	51
186346	37	1	36
186346	59	1	99
186535	0	25	92
186535	15	30	86
186535	37	34	55
186535	59	50	117
186729	0	4	64
186729	15	2	61
186729	37	0	38
186729	59	6	116
190519	0	29	103
190519	15	9	63
190519	37	18	36
190519	59	14	109
190753	0	3	56
190753	15	6	50
190753	37	0	34
190753	59	0	63
193698	0	12	88
193698	15	8	76
193698	37	6	42
193698	59	20	98
194156	0	2	75
194156	15	1	84
194156	37	5	44
194156	59	15	91
195726	0	2	53
195726	15	6	72
195726	37	2	44
195726	59	4	106
196338	0	1	53
196338	15	17	84
196338	37	2	39
196338	59	4	70
196612	0	9	29
196612	15	8	45
196612	37	17	36
196612	59	49	93
197500	0	15	50
197500	15	16	53
197500	37	31	50
197500	59	48	102
197543	0	1	42
197543	15	2	44
197543	37	3	49
197543	59	5	85
197544	0	1	40
197544	15	0	46
197544	37	0	48
197544	59	0	85
197797	0	7	24
197797	15	12	45
197797	37	26	50
197797	59	75	124
198297	0	31	66
198297	15	18	52
198297	37	15	45
198297	59	29	111
198310	0	12	66
198310	15	15	48
198310	37	4	41
198310	59	16	103
199010	0	1	54
199010	15	0	47
199010	37	0	25
199010	59	0	88
200785	0	2	36
200785	15	7	71
200785	37	11	52
200785	59	24	119
202294	0	1	56
202294	15	3	63
202294	37	0	33
202294	59	1	108
204571	0	3	55
204571	15	4	37
204571	37	2	24
204571	59	0	88
206288	0	1	31
206288	15	0	16
206288	37	8	42
206288	59	1	94
206300	0	9	27
206300	15	10	23
206300	37	6	38
206300	59	14	105
208379	0	1	19
208379	15	2	22
208379	37	2	31
208379	59	2	94
209520	0	9	72
209520	15	2	67
209520	37	19	60
209520	59	24	101
210171	0	7	21
210171	15	4	24
210171	37	20	41
210171	59	58	113
210618	0	1	32
210618	15	1	41
210618	37	2	25
210618	59	13	95
210784	0	3	22
210784	15	5	36
210784	37	2	37
210784	59	4	79
210790	0	3	27
210790	15	7	36
210790	37	1	36
210790	59	4	80
210793	0	4	26
210793	15	6	35
210793	37	1	34
210793	59	2	76
211998	0	8	27
211998	15	11	33
211998	37	22	38
211998	59	52	88
213675	0	16	58
213675	15	14	44
213675	37	27	39
213675	59	52	106
213682	0	15	54
213682	15	18	44
213682	37	28	39
213682	59	49	99
213705	0	18	42
213705	15	17	45
213705	37	11	43
213705	59	38	108
214268	0	4	55
214268	15	2	44
214268	37	4	36
214268	59	15	108
214269	0	4	53
214269	15	3	46
214269	37	5	35
214269	59	15	108
214398	0	6	29
214398	15	9	23
214398	37	22	35
214398	59	61	102
214500	0	2	42
214500	15	0	34
214500	37	3	48
214500	59	10	107
214593	0	4	22
214593	15	13	38
214593	37	6	42
214593	59	16	89
214914	0	6	25
214914	15	6	21
214914	37	29	52
214914	59	52	81
215349	0	8	34
215349	15	3	25
215349	37	17	40
215349	59	31	113
215683	0	2	64
215683	15	8	68
215683	37	4	42
215683	59	1	111
215855	0	17	77
215855	15	11	86
215855	37	27	53
215855	59	20	81
216261	0	2	40
216261	15	3	43
216261	37	1	53
216261	59	1	107
219385	0	1	87
219385	15	0	67
219385	37	1	47
219385	59	1	82
220106	0	1	97
220106	15	3	56
220106	37	0	40
220106	59	6	88
220155	0	5	97
220155	15	0	53
220155	37	0	29
220155	59	4	91
221153	0	7	88
221153	15	6	62
221153	37	1	29
221153	59	4	96
224465	0	10	34
224465	15	8	41
224465	37	9	46
224465	59	23	131
225130	0	8	47
225130	15	6	66
225130	37	15	47
225130	59	32	94
227219	0	16	49
227219	15	16	57
227219	37	25	50
227219	59	47	106
231442	0	2	16
231442	15	6	39
231442	37	6	43
231442	59	21	102
233053	0	3	27
233053	15	13	46
233053	37	2	45
233053	59	31	95
233074	0	4	26
233074	15	10	43
233074	37	1	48
233074	59	32	109
235226	0	2	46
235226	15	0	46
235226	37	0	57
235226	59	0	98
236740	0	2	31
236740	15	4	35
236740	37	9	33
236740	59	6	75
236939	0	3	43
236939	15	0	52
236939	37	0	40
236939	59	1	79
237756	0	9	46
237756	15	10	42
237756	37	11	34
237756	59	42	82
239695	0	1	41
239695	15	2	42
239695	37	0	44
239695	59	6	103
241092	0	4	47
241092	15	7	35
241092	37	8	42
241092	59	30	86
241162	0	3	39
241162	15	7	38
241162	37	10	41
241162	59	25	103
243968	0	1	49
243968	15	3	42
243968	37	1	40
243968	59	3	88
244015	0	4	51
244015	15	0	52
244015	37	10	52
244015	59	0	89
244016	0	4	51
244016	15	0	49
244016	37	10	51
244016	59	0	87
244628	0	3	90
244628	15	8	68
244628	37	1	41
244628	59	1	101
248391	0	3	21
248391	15	12	69
248391	37	28	54
248391	59	26	98
255008	0	2	35
255008	15	1	41
255008	37	1	49
255008	59	1	108
255475	0	8	63
255475	15	9	55
255475	37	17	43
255475	59	34	113
255506	0	10	59
255506	15	9	54
255506	37	4	41
255506	59	21	100
255510	0	2	55
255510	15	6	49
255510	37	3	39
255510	59	1	98
255820	0	1	22
255820	15	2	27
255820	37	3	37
255820	59	3	95
256988	0	19	47
256988	15	16	52
256988	37	28	48
256988	59	54	110
257041	0	3	33
257041	15	0	37
257041	37	6	64
257041	59	4	103
257347	0	6	43
257347	15	4	53
257347	37	12	49
257347	59	24	115
258380	0	3	47
258380	15	1	39
258380	37	0	41
258380	59	2	82
259620	0	4	32
259620	15	1	29
259620	37	20	49
259620	59	35	101
259647	0	1	40
259647	15	3	31
259647	37	0	41
259647	59	3	97
260253	0	1	19
260253	15	0	27
260253	37	0	44
260253	59	0	112
262097	0	2	24
262097	15	2	47
262097	37	4	33
262097	59	9	103
264140	0	4	60
264140	15	4	49
264140	37	4	27
264140	59	0	75
264718	0	2	25
264718	15	6	36
264718	37	0	43
264718	59	7	76
264844	0	1	38
264844	15	14	56
264844	37	4	38
264844	59	7	84
264849	0	10	35
264849	15	29	55
264849	37	22	38
264849	59	42	83
265933	0	15	83
265933	15	9	65
265933	37	16	54
265933	59	46	97
266031	0	2	91
266031	15	2	41
266031	37	2	38
266031	59	0	101
266373	0	1	74
266373	15	4	58
266373	37	4	49
266373	59	10	104
266994	0	1	73
266994	15	5	74
266994	37	2	46
266994	59	3	100
269028	0	7	84
269028	15	2	56
269028	37	8	47
269028	59	9	92
272190	0	9	57
272190	15	5	50
272190	37	6	40
272190	59	21	122
273021	0	14	74
273021	15	19	64
273021	37	8	49
273021	59	17	87
273050	0	1	66
273050	15	5	67
273050	37	3	46
273050	59	1	85
273051	0	5	65
273051	15	4	69
273051	37	3	49
273051	59	1	82
277426	0	24	56
277426	15	21	53
277426	37	36	57
277426	59	51	95
277876	0	11	66
277876	15	14	74
277876	37	9	44
277876	59	24	116
278083	0	1	48
278083	15	2	51
278083	37	3	38
278083	59	2	99
278139	0	3	34
278139	15	3	47
278139	37	3	44
278139	59	3	86
278143	0	3	35
278143	15	3	49
278143	37	3	45
278143	59	3	84
278378	0	4	59
278378	15	1	54
278378	37	5	43
278378	59	15	133
280200	0	20	60
280200	15	22	63
280200	37	30	50
280200	59	59	100
280732	0	10	69
280732	15	13	75
280732	37	6	39
280732	59	23	98
281724	0	9	74
281724	15	12	66
281724	37	7	43
281724	59	0	107
281725	0	8	73
281725	15	11	65
281725	37	6	41
281725	59	0	111
282765	0	5	50
282765	15	9	51
282765	37	13	39
282765	59	18	115
282799	0	8	40
282799	15	8	38
282799	37	13	37
282799	59	17	85
282969	0	2	61
282969	15	0	43
282969	37	0	49
282969	59	4	105
283368	0	1	37
283368	15	1	54
283368	37	0	55
283368	59	2	99
284382	0	2	23
284382	15	2	27
284382	37	2	45
284382	59	3	85
285539	0	8	36
285539	15	7	47
285539	37	14	57
285539	59	44	118
286811	0	1	44
286811	15	1	31
286811	37	1	26
286811	59	4	111
287965	0	1	70
287965	15	2	70
287965	37	1	35
287965	59	2	88
289326	0	3	27
289326	15	2	31
289326	37	3	51
289326	59	3	112
292389	0	4	90
292389	15	2	58
292389	37	3	38
292389	59	14	96
292616	0	1	87
292616	15	0	84
292616	37	1	47
292616	59	0	80
292925	0	24	57
292925	15	21	62
292925	37	28	47
292925	59	60	100
294841	0	9	20
294841	15	24	35
294841	37	38	50
294841	59	89	107
295576	0	22	61
295576	15	23	56
295576	37	25	47
295576	59	52	104
295851	0	10	32
295851	15	5	23
295851	37	19	52
295851	59	47	110
297120	0	5	82
297120	15	2	66
297120	37	0	36
297120	59	0	115
297252	0	21	67
297252	15	9	64
297252	37	10	46
297252	59	25	110
297263	0	8	64
297263	15	3	59
297263	37	7	48
297263	59	0	108
297961	0	20	72
297961	15	27	80
297961	37	20	42
297961	59	58	126
298377	0	19	66
298377	15	19	63
298377	37	17	32
298377	59	48	110
298781	0	4	43
298781	15	0	40
298781	37	3	36
298781	59	2	89
299076	0	2	28
299076	15	3	38
299076	37	12	28
299076	59	38	116
299083	0	1	30
299083	15	3	31
299083	37	0	25
299083	59	2	109
299218	0	2	17
299218	15	4	38
299218	37	3	39
299218	59	16	98
301006	0	4	31
301006	15	3	37
301006	37	12	50
301006	59	24	78
301383	0	2	18
301383	15	9	42
301383	37	13	32
301383	59	19	100
302986	0	9	35
302986	15	10	39
302986	37	23	44
302986	59	64	112
310411	0	19	43
310411	15	22	50
310411	37	17	30
310411	59	57	103
311635	0	3	57
311635	15	2	72
311635	37	6	36
311635	59	12	117
313408	0	1	26
313408	15	1	38
313408	37	0	34
313408	59	1	100
313601	0	6	23
313601	15	7	41
313601	37	2	31
313601	59	10	102
314644	0	1	30
314644	15	0	45
314644	37	0	48
314644	59	3	103
316377	0	23	65
316377	15	24	73
316377	37	31	53
316377	59	43	83
316403	0	1	52
316403	15	6	61
316403	37	3	48
316403	59	5	75
318350	0	10	22
318350	15	7	36
318350	37	26	44
318350	59	40	77
320272	0	1	18
320272	15	4	43
320272	37	8	37
320272	59	21	103
320309	0	1	33
320309	15	2	50
320309	37	2	27
320309	59	23	112
320536	0	14	62
320536	15	18	58
320536	37	15	62
320536	59	26	90
321598	0	9	44
321598	15	11	46
321598	37	4	38
321598	59	7	100
321693	0	5	36
321693	15	7	45
321693	37	2	35
321693	59	5	81
321711	0	4	35
321711	15	8	48
321711	37	3	36
321711	59	3	82
321911	0	22	61
321911	15	12	52
321911	37	13	35
321911	59	26	78
324628	0	36	92
324628	15	36	80
324628	37	26	42
324628	59	74	106
326847	0	11	26
326847	15	13	43
326847	37	29	58
326847	59	53	102
327258	0	33	92
327258	15	11	44
327258	37	24	45
327258	59	50	100
328647	0	10	49
328647	15	13	48
328647	37	12	61
328647	59	15	99
328651	0	1	52
328651	15	3	49
328651	37	4	58
328651	59	1	100
329244	0	9	79
329244	15	6	58
329244	37	6	55
329244	59	7	103
329778	0	26	53
329778	15	17	64
329778	37	33	56
329778	59	59	98
330809	0	1	57
330809	15	1	54
330809	37	2	43
330809	59	10	103
332448	0	23	67
332448	15	20	65
332448	37	17	37
332448	59	59	97
332601	0	6	76
332601	15	17	73
332601	37	8	48
332601	59	20	111
332700	0	20	57
332700	15	18	66
332700	37	26	41
332700	59	45	86
332816	0	9	29
332816	15	5	44
332816	37	17	37
332816	59	31	130
333534	0	3	60
333534	15	6	62
333534	37	1	43
333534	59	7	92
333939	0	23	93
333939	15	18	58
333939	37	14	27
333939	59	35	119
334215	0	12	91
334215	15	8	76
334215	37	4	33
334215	59	12	97
334497	0	4	65
334497	15	0	67
334497	37	0	41
334497	59	7	94
334759	0	1	32
334759	15	6	37
334759	37	0	20
334759	59	8	97
336066	0	3	46
336066	15	0	65
336066	37	0	50
336066	59	1	98
336168	0	12	36
336168	15	11	44
336168	37	4	53
336168	59	19	118
336215	0	7	26
336215	15	18	52
336215	37	33	56
336215	59	73	117
336731	0	20	63
336731	15	11	55
336731	37	8	20
336731	59	25	92
336806	0	4	54
336806	15	1	37
336806	37	1	23
336806	59	5	54
336807	0	3	46
336807	15	2	36
336807	37	1	21
336807	59	4	57
336808	0	3	46
336808	15	2	32
336808	37	2	21
336808	59	2	56
337153	0	13	44
337153	15	19	57
337153	37	19	27
337153	59	47	95
337198	0	10	40
337198	15	21	55
337198	37	19	29
337198	59	42	84
337852	0	4	47
337852	15	4	39
337852	37	6	36
337852	59	5	105
337853	0	4	45
337853	15	4	43
337853	37	5	36
337853	59	5	104
338481	0	13	82
338481	15	11	82
338481	37	8	46
338481	59	4	81
338499	0	9	93
338499	15	14	83
338499	37	4	47
338499	59	3	68
339947	0	29	82
339947	15	15	70
339947	37	7	50
339947	59	7	73
349022	0	5	18
349022	15	8	22
349022	37	17	29
349022	59	76	112
350707	0	7	34
350707	15	2	24
350707	37	5	47
350707	59	13	101
352772	0	1	22
352772	15	2	33
352772	37	2	46
352772	59	3	84
353646	0	6	27
353646	15	2	24
353646	37	1	26
353646	59	0	61
353739	0	19	55
353739	15	14	47
353739	37	14	29
353739	59	52	107
356490	0	1	16
356490	15	0	29
356490	37	1	33
356490	59	1	48
356533	0	5	16
356533	15	10	32
356533	37	26	36
356533	59	56	85
357272	0	18	39
357272	15	19	50
357272	37	25	41
357272	59	44	98
357991	0	11	28
357991	15	11	28
357991	37	23	40
357991	59	52	90
358783	0	3	22
358783	15	4	33
358783	37	4	49
358783	59	3	103
358998	0	3	19
358998	15	3	32
358998	37	8	44
358998	59	33	102
359276	0	8	28
359276	15	7	31
359276	37	13	27
359276	59	58	104
359277	0	7	28
359277	15	7	33
359277	37	14	26
359277	59	55	105
360403	0	6	20
360403	15	6	17
360403	37	30	41
360403	59	59	95
360447	0	3	35
360447	15	4	35
360447	37	6	53
360447	59	8	98
360657	0	8	25
360657	15	7	29
360657	37	15	32
360657	59	37	87
361336	0	1	15
361336	15	3	15
361336	37	24	44
361336	59	60	117
361373	0	7	16
361373	15	6	22
361373	37	4	34
361373	59	17	98
362277	0	1	22
362277	15	5	26
362277	37	3	24
362277	59	6	71
364039	0	19	61
364039	15	36	74
364039	37	28	42
364039	59	73	116
364428	0	8	28
364428	15	9	30
364428	37	10	26
364428	59	32	62
364542	0	11	25
364542	15	7	26
364542	37	14	27
364542	59	15	38
370682	0	5	50
370682	15	21	49
370682	37	7	56
370682	59	25	113
370831	0	8	28
370831	15	15	45
370831	37	34	51
370831	59	61	118
372119	0	23	77
372119	15	20	77
372119	37	23	53
372119	59	70	110
372201	0	1	60
372201	15	0	69
372201	37	0	49
372201	59	0	120
372370	0	15	50
372370	15	11	54
372370	37	4	50
372370	59	10	92
373130	0	2	75
373130	15	1	58
373130	37	0	50
373130	59	3	102
373266	0	12	36
373266	15	16	60
373266	37	18	34
373266	59	64	133
374257	0	3	48
374257	15	1	47
374257	37	0	38
374257	59	5	88
374302	0	9	33
374302	15	6	48
374302	37	2	43
374302	59	15	94
376315	0	6	45
376315	15	7	41
376315	37	6	45
376315	59	6	92
376388	0	11	26
376388	15	9	33
376388	37	19	33
376388	59	37	89
376440	0	19	46
376440	15	16	56
376440	37	32	48
376440	59	54	98
376658	0	14	39
376658	15	28	55
376658	37	27	47
376658	59	62	104
377968	0	21	43
377968	15	23	48
377968	37	6	44
377968	59	31	103
380574	0	2	29
380574	15	1	43
380574	37	2	51
380574	59	1	112
381113	0	2	37
381113	15	2	40
381113	37	0	56
381113	59	2	104
381173	0	13	33
381173	15	15	33
381173	37	13	48
381173	59	39	107
381413	0	6	72
381413	15	8	46
381413	37	5	54
381413	59	17	107
381447	0	1	48
381447	15	0	33
381447	37	9	47
381447	59	16	99
382038	0	8	32
382038	15	7	35
382038	37	4	34
382038	59	9	96
383580	0	1	67
383580	15	5	44
383580	37	1	34
383580	59	0	76
383603	0	28	75
383603	15	24	48
383603	37	17	37
383603	59	43	80
384145	0	11	63
384145	15	9	70
384145	37	8	55
384145	59	6	108
384322	0	4	53
384322	15	9	54
384322	37	13	46
384322	59	34	117
384341	0	1	40
384341	15	1	42
384341	37	4	44
384341	59	10	118
386957	0	28	57
386957	15	13	37
386957	37	19	38
386957	59	50	98
387088	0	7	80
387088	15	6	61
387088	37	9	52
387088	59	9	77
387348	0	9	53
387348	15	6	38
387348	37	17	48
387348	59	31	94
387785	0	4	46
387785	15	1	38
387785	37	0	50
387785	59	1	92
387809	0	8	36
387809	15	9	41
387809	37	11	51
387809	59	7	107
389008	0	18	61
389008	15	24	58
389008	37	30	52
389008	59	69	124
389979	0	2	32
389979	15	6	34
389979	37	8	26
389979	59	17	88
389986	0	7	31
389986	15	12	31
389986	37	22	28
389986	59	50	91
390424	0	5	62
390424	15	6	51
390424	37	2	34
390424	59	3	102
392002	0	2	72
392002	15	1	65
392002	37	0	33
392002	59	5	90
392597	0	13	85
392597	15	12	60
392597	37	7	31
392597	59	7	86
392774	0	10	87
392774	15	13	67
392774	37	3	39
392774	59	21	105
394199	0	6	21
394199	15	14	31
394199	37	31	38
394199	59	47	73
394678	0	2	80
394678	15	1	54
394678	37	2	37
394678	59	1	80
395724	0	4	16
395724	15	10	23
395724	37	23	37
395724	59	72	117
395859	0	4	22
395859	15	2	31
395859	37	8	52
395859	59	6	130
397461	0	21	69
397461	15	9	35
397461	37	11	18
397461	59	47	91
398344	0	14	94
398344	15	11	60
398344	37	7	45
398344	59	9	105
398367	0	4	85
398367	15	0	54
398367	37	2	47
398367	59	5	111
398582	0	30	69
398582	15	32	68
398582	37	18	26
398582	59	61	85
399115	0	2	75
399115	15	0	74
399115	37	2	36
399115	59	3	90
400558	0	14	56
400558	15	27	69
400558	37	24	48
400558	59	56	94
401279	0	30	66
401279	15	44	74
401279	37	10	25
401279	59	35	89
401829	0	27	62
401829	15	44	66
401829	37	21	38
401829	59	31	75
401830	0	1	60
401830	15	6	69
401830	37	2	41
401830	59	0	75
401966	0	25	55
401966	15	20	58
401966	37	19	31
401966	59	33	62
403488	0	11	41
403488	15	4	54
403488	37	6	44
403488	59	17	117
404285	0	7	34
404285	15	5	47
404285	37	8	48
404285	59	19	97
404293	0	14	32
404293	15	12	38
404293	37	12	50
404293	59	24	100
405058	0	27	61
405058	15	19	69
405058	37	29	54
405058	59	56	101
405368	0	27	61
405368	15	9	38
405368	37	13	27
405368	59	32	64
405700	0	19	78
405700	15	17	64
405700	37	8	32
405700	59	41	114
405751	0	2	88
405751	15	0	60
405751	37	0	41
405751	59	0	121
405949	0	2	50
405949	15	1	53
405949	37	1	39
405949	59	9	82
406394	0	16	85
406394	15	7	58
406394	37	20	45
406394	59	41	86
409124	0	5	53
409124	15	2	67
409124	37	0	24
409124	59	0	64
411072	0	1	60
411072	15	0	35
411072	37	0	25
411072	59	3	77
411770	0	6	31
411770	15	2	30
411770	37	1	17
411770	59	5	77
412784	0	1	21
412784	15	0	32
412784	37	0	41
412784	59	0	89
412790	0	10	23
412790	15	22	35
412790	37	16	41
412790	59	44	99
412921	0	1	18
412921	15	1	42
412921	37	1	31
412921	59	17	97
413109	0	2	15
413109	15	2	34
413109	37	1	41
413109	59	8	102
413154	0	2	24
413154	15	1	30
413154	37	7	38
413154	59	2	107
413156	0	1	22
413156	15	1	26
413156	37	2	35
413156	59	2	106
413190	0	5	20
413190	15	10	20
413190	37	21	37
413190	59	54	107
413962	0	18	51
413962	15	6	28
413962	37	8	22
413962	59	24	70
414047	0	1	60
414047	15	0	34
414047	37	3	30
414047	59	10	75
414554	0	2	85
414554	15	0	54
414554	37	5	23
414554	59	7	69
414609	0	35	75
414609	15	13	52
414609	37	8	45
414609	59	22	89
416019	0	1	44
416019	15	2	41
416019	37	2	32
416019	59	2	98
416079	0	2	20
416079	15	1	22
416079	37	1	32
416079	59	2	85
416768	0	22	71
416768	15	12	41
416768	37	2	24
416768	59	21	108
419045	0	10	29
419045	15	9	21
419045	37	13	41
419045	59	28	71
419560	0	3	51
419560	15	0	58
419560	37	3	27
419560	59	1	105
419891	0	14	37
419891	15	12	27
419891	37	11	18
419891	59	64	91
420644	0	1	41
420644	15	2	48
420644	37	6	58
420644	59	3	116
420915	0	17	73
420915	15	5	70
420915	37	5	32
420915	59	15	103
421342	0	2	80
421342	15	1	55
421342	37	1	53
421342	59	5	103
421400	0	25	52
421400	15	43	64
421400	37	18	38
421400	59	44	99
424633	0	3	35
424633	15	8	58
424633	37	1	39
424633	59	8	85
424798	0	26	64
424798	15	19	56
424798	37	18	41
424798	59	42	121
424813	0	7	70
424813	15	4	53
424813	37	2	49
424813	59	3	110
424882	0	20	52
424882	15	10	25
424882	37	25	41
424882	59	34	87
425101	0	15	33
425101	15	24	44
425101	37	14	44
425101	59	32	84
425522	0	2	73
425522	15	0	77
425522	37	3	42
425522	59	0	97
425568	0	38	89
425568	15	29	79
425568	37	32	49
425568	59	46	91
425729	0	20	98
425729	15	12	81
425729	37	11	56
425729	59	18	89
425865	0	5	78
425865	15	11	83
425865	37	8	52
425865	59	5	98
425971	0	19	97
425971	15	14	79
425971	37	5	40
425971	59	10	105
426342	0	7	37
426342	15	2	44
426342	37	3	32
426342	59	19	91
426977	0	1	84
426977	15	0	69
426977	37	0	32
426977	59	0	78
427465	0	8	79
427465	15	4	78
427465	37	0	25
427465	59	3	95
427937	0	6	28
427937	15	17	48
427937	37	8	47
427937	59	21	91
429517	0	1	76
429517	15	0	71
429517	37	4	32
429517	59	13	99
430005	0	3	28
430005	15	0	27
430005	37	1	28
430005	59	5	79
430836	0	1	15
430836	15	5	26
430836	37	8	35
430836	59	15	117
431038	0	3	23
431038	15	3	41
431038	37	4	56
431038	59	1	92
432249	0	4	55
432249	15	3	37
432249	37	1	32
432249	59	4	81
433474	0	8	55
433474	15	12	37
433474	37	16	39
433474	59	46	125
436766	0	19	60
436766	15	27	63
436766	37	9	47
436766	59	18	74
436870	0	13	55
436870	15	24	77
436870	37	20	45
436870	59	34	101
437000	0	2	38
437000	15	0	60
437000	37	3	45
437000	59	4	114
438811	0	2	56
438811	15	0	39
438811	37	1	51
438811	59	1	82
439046	0	23	67
439046	15	13	45
439046	37	16	38
439046	59	29	95
439136	0	17	75
439136	15	16	84
439136	37	8	33
439136	59	11	103
439640	0	21	48
439640	15	33	50
439640	37	14	46
439640	59	34	84
440608	0	5	44
440608	15	12	39
440608	37	4	21
440608	59	13	86
442383	0	19	57
442383	15	9	60
442383	37	16	45
442383	59	42	105
442453	0	2	68
442453	15	4	54
442453	37	1	46
442453	59	0	113
442572	0	7	80
442572	15	25	89
442572	37	9	47
442572	59	23	114
443591	0	2	22
443591	15	6	36
443591	37	2	56
443591	59	8	129
444257	0	5	43
444257	15	15	43
444257	37	9	46
444257	59	14	75
444609	0	2	45
444609	15	0	25
444609	37	3	35
444609	59	1	64
445136	0	1	24
445136	15	4	49
445136	37	0	64
445136	59	10	114
445420	0	4	49
445420	15	6	59
445420	37	3	62
445420	59	6	98
446704	0	1	79
446704	15	1	80
446704	37	2	38
446704	59	2	96
446939	0	17	64
446939	15	9	47
446939	37	6	25
446939	59	27	80
447773	0	1	84
447773	15	0	57
447773	37	1	38
447773	59	0	81
447782	0	3	67
447782	15	5	54
447782	37	1	36
447782	59	5	72
450609	0	15	70
450609	15	24	50
450609	37	10	48
450609	59	27	113
450690	0	17	83
450690	15	13	76
450690	37	8	55
450690	59	12	79
450795	0	17	72
450795	15	8	63
450795	37	5	43
450795	59	21	93
452157	0	2	24
452157	15	2	37
452157	37	1	37
452157	59	1	112
452180	0	1	21
452180	15	1	43
452180	37	2	44
452180	59	0	111
452390	0	6	46
452390	15	0	41
452390	37	0	30
452390	59	3	116
456553	0	1	34
456553	15	4	30
456553	37	4	43
456553	59	5	98
456673	0	11	26
456673	15	34	50
456673	37	17	38
456673	59	21	65
456826	0	10	43
456826	15	25	55
456826	37	6	36
456826	59	14	81
457987	0	7	91
457987	15	3	52
457987	37	4	59
457987	59	7	109
460446	0	21	47
460446	15	36	45
460446	37	5	18
460446	59	24	96
460484	0	1	70
460484	15	2	48
460484	37	1	19
460484	59	7	85
461017	0	31	62
461017	15	19	39
461017	37	11	20
461017	59	37	78
463642	0	16	104
463642	15	19	85
463642	37	4	34
463642	59	21	110
464046	0	17	92
464046	15	14	69
464046	37	1	31
464046	59	11	101
464202	0	15	82
464202	15	35	74
464202	37	5	32
464202	59	24	106
464204	0	14	80
464204	15	36	77
464204	37	5	29
464204	59	24	109
466105	0	12	51
466105	15	5	54
466105	37	7	46
466105	59	16	69
466746	0	3	39
466746	15	0	32
466746	37	2	34
466746	59	0	99
468459	0	2	18
468459	15	7	45
468459	37	5	37
468459	59	6	112
468889	0	4	29
468889	15	13	33
468889	37	12	50
468889	59	24	108
472243	0	6	16
472243	15	3	28
472243	37	4	22
472243	59	37	108
472260	0	5	21
472260	15	2	27
472260	37	0	27
472260	59	7	112
472775	0	3	16
472775	15	6	19
472775	37	7	50
472775	59	32	101
481317	0	14	70
481317	15	5	41
481317	37	14	60
481317	59	8	99
481990	0	1	36
481990	15	3	56
481990	37	1	44
481990	59	2	119
483008	0	4	61
483008	15	4	63
483008	37	1	43
483008	59	3	83
484275	0	30	64
484275	15	52	72
484275	37	32	53
484275	59	41	93
484296	0	8	57
484296	15	31	75
484296	37	17	57
484296	59	23	95
484432	0	11	57
484432	15	8	57
484432	37	8	49
484432	59	13	91
485838	0	30	63
485838	15	23	52
485838	37	23	40
485838	59	68	103
486276	0	1	15
486276	15	0	18
486276	37	1	36
486276	59	4	69
486432	0	4	42
486432	15	8	31
486432	37	2	18
486432	59	7	98
486685	0	27	66
486685	15	44	61
486685	37	21	51
486685	59	46	107
486692	0	27	66
486692	15	47	62
486692	37	19	53
486692	59	43	101
486764	0	5	73
486764	15	0	75
486764	37	3	47
486764	59	9	110
488512	0	1	29
488512	15	4	62
488512	37	3	48
488512	59	9	107
488847	0	18	75
488847	15	3	54
488847	37	3	43
488847	59	0	97
490095	0	11	31
490095	15	9	45
490095	37	12	46
490095	59	12	96
490332	0	3	31
490332	15	0	41
490332	37	0	33
490332	59	0	120
491291	0	10	28
491291	15	40	67
491291	37	16	41
491291	59	40	94
492409	0	1	18
492409	15	3	29
492409	37	1	24
492409	59	2	61
493896	0	2	74
493896	15	0	70
493896	37	1	38
493896	59	2	120
494200	0	22	77
494200	15	3	61
494200	37	15	32
494200	59	45	86
494272	0	16	39
494272	15	10	34
494272	37	10	25
494272	59	50	80
494696	0	5	29
494696	15	8	51
494696	37	8	57
494696	59	13	79
494697	0	5	31
494697	15	7	49
494697	37	8	55
494697	59	13	80
494714	0	6	29
494714	15	6	50
494714	37	19	55
494714	59	38	90
494757	0	12	39
494757	15	15	57
494757	37	8	55
494757	59	17	100
494822	0	17	35
494822	15	19	56
494822	37	18	40
494822	59	49	89
495836	0	12	55
495836	15	5	34
495836	37	4	32
495836	59	16	99
497571	0	32	64
497571	15	17	60
497571	37	14	23
497571	59	49	72
497903	0	6	56
497903	15	5	51
497903	37	3	48
497903	59	2	73
497904	0	6	55
497904	15	3	49
497904	37	3	48
497904	59	2	73
497905	0	6	54
497905	15	3	50
497905	37	3	48
497905	59	2	72
498251	0	14	56
498251	15	7	22
498251	37	5	34
498251	59	12	86
498279	0	9	67
498279	15	11	43
498279	37	0	35
498279	59	7	81
498544	0	44	97
498544	15	47	64
498544	37	13	30
498544	59	32	85
500556	0	20	50
500556	15	32	43
500556	37	24	61
500556	59	42	99
502261	0	1	74
502261	15	1	70
502261	37	3	38
502261	59	0	62
502492	0	5	38
502492	15	12	61
502492	37	8	45
502492	59	10	117
502551	0	2	37
502551	15	3	54
502551	37	1	49
502551	59	1	132
502552	0	2	30
502552	15	3	49
502552	37	1	48
502552	59	2	123
502553	0	1	36
502553	15	3	54
502553	37	1	48
502553	59	2	127
502794	0	7	18
502794	15	10	35
502794	37	30	55
502794	59	61	115
505357	0	1	31
505357	15	0	33
505357	37	3	44
505357	59	0	83
505379	0	1	25
505379	15	1	30
505379	37	4	44
505379	59	13	100
506394	0	7	42
506394	15	5	42
506394	37	4	56
506394	59	5	105
506417	0	3	29
506417	15	2	37
506417	37	6	50
506417	59	2	90
506887	0	21	43
506887	15	41	57
506887	37	17	53
506887	59	42	89
507670	0	14	35
507670	15	20	31
507670	37	12	39
507670	59	43	123
508638	0	37	75
508638	15	37	58
508638	37	22	57
508638	59	38	109
508828	0	21	43
508828	15	35	47
508828	37	11	30
508828	59	55	110
509244	0	5	24
509244	15	7	32
509244	37	1	27
509244	59	11	107
509314	0	1	33
509314	15	1	27
509314	37	0	22
509314	59	0	109
509504	0	25	59
509504	15	9	36
509504	37	20	46
509504	59	59	102
509807	0	19	87
509807	15	9	43
509807	37	4	34
509807	59	7	116
509817	0	1	86
509817	15	0	40
509817	37	2	34
509817	59	0	109
510724	0	14	29
510724	15	11	22
510724	37	32	48
510724	59	63	105
510985	0	17	53
510985	15	19	63
510985	37	10	47
510985	59	13	80
511855	0	25	55
511855	15	15	51
511855	37	17	28
511855	59	48	74
512271	0	9	22
512271	15	8	33
512271	37	20	39
512271	59	52	102
512742	0	11	36
512742	15	33	49
512742	37	23	50
512742	59	59	102
514793	0	2	58
514793	15	0	34
514793	37	3	54
514793	59	15	79
517451	0	17	60
517451	15	17	76
517451	37	13	43
517451	59	26	103
517529	0	1	62
517529	15	1	65
517529	37	1	30
517529	59	6	111
517708	0	8	38
517708	15	7	38
517708	37	13	57
517708	59	16	100
520828	0	9	40
520828	15	13	38
520828	37	8	38
520828	59	24	111
521581	0	6	32
521581	15	20	42
521581	37	3	28
521581	59	21	115
522093	0	4	104
522093	15	3	70
522093	37	5	29
522093	59	10	85
522388	0	8	71
522388	15	15	55
522388	37	6	19
522388	59	13	77
522717	0	20	101
522717	15	10	81
522717	37	4	48
522717	59	4	82
523548	0	1	55
523548	15	1	41
523548	37	6	35
523548	59	9	73
523825	0	18	74
523825	15	11	58
523825	37	15	38
523825	59	27	65
524216	0	1	81
524216	15	0	52
524216	37	1	47
524216	59	3	83
524406	0	5	42
524406	15	19	37
524406	37	11	57
524406	59	10	78
525985	0	20	59
525985	15	9	29
525985	37	8	18
525985	59	37	71
526073	0	28	69
526073	15	13	26
526073	37	5	20
526073	59	17	92
526308	0	25	77
526308	15	23	52
526308	37	5	23
526308	59	32	115
527596	0	1	64
527596	15	2	32
527596	37	1	19
527596	59	2	68
527653	0	4	66
527653	15	1	42
527653	37	1	23
527653	59	13	56
527738	0	1	94
527738	15	1	43
527738	37	2	38
527738	59	10	121
528329	0	1	53
528329	15	0	46
528329	37	1	33
528329	59	2	87
528704	0	1	68
528704	15	0	50
528704	37	2	31
528704	59	0	96
529534	0	4	26
529534	15	4	33
529534	37	3	61
529534	59	11	115
530264	0	5	60
530264	15	17	67
530264	37	3	51
530264	59	3	84
530265	0	5	64
530265	15	17	65
530265	37	3	51
530265	59	3	81
530275	0	13	64
530275	15	23	64
530275	37	9	52
530275	59	28	85
530336	0	12	53
530336	15	15	30
530336	37	19	48
530336	59	34	105
530954	0	1	26
530954	15	9	38
530954	37	2	40
530954	59	21	132
531140	0	4	15
531140	15	2	29
531140	37	8	43
531140	59	11	113
532281	0	3	24
532281	15	2	30
532281	37	2	51
532281	59	4	96
532950	0	2	36
532950	15	2	44
532950	37	0	35
532950	59	1	112
533375	0	6	22
533375	15	4	26
533375	37	9	19
533375	59	39	76
536071	0	1	42
536071	15	0	54
536071	37	3	54
536071	59	0	82
536157	0	5	24
536157	15	17	54
536157	37	16	50
536157	59	19	100
536237	0	1	35
536237	15	0	42
536237	37	0	31
536237	59	0	78
536979	0	10	72
536979	15	8	50
536979	37	5	40
536979	59	9	73
538320	0	32	76
538320	15	35	65
538320	37	18	48
538320	59	42	105
538478	0	3	87
538478	15	6	64
538478	37	0	32
538478	59	3	93
538946	0	10	61
538946	15	23	55
538946	37	7	37
538946	59	20	104
540484	0	2	63
540484	15	0	55
540484	37	0	36
540484	59	1	93
541504	0	8	21
541504	15	26	36
541504	37	23	43
541504	59	80	116
542406	0	16	65
542406	15	16	64
542406	37	10	32
542406	59	10	76
542663	0	23	70
542663	15	20	57
542663	37	18	45
542663	59	51	87
542819	0	3	75
542819	15	4	54
542819	37	0	29
542819	59	0	95
543981	0	1	107
543981	15	3	81
543981	37	0	50
543981	59	0	110
544303	0	1	53
544303	15	1	63
544303	37	4	58
544303	59	1	117
544370	0	11	34
544370	15	22	48
544370	37	16	52
544370	59	40	93
549268	0	18	60
549268	15	30	57
549268	37	23	55
549268	59	57	107
551197	0	14	73
551197	15	7	59
551197	37	4	42
551197	59	11	120
552420	0	2	62
552420	15	0	54
552420	37	7	46
552420	59	4	106
552739	0	1	25
552739	15	0	47
552739	37	4	44
552739	59	2	86
553533	0	22	64
553533	15	21	72
553533	37	19	52
553533	59	34	99
555243	0	25	88
555243	15	12	58
555243	37	2	37
555243	59	6	63
555862	0	6	102
555862	15	5	74
555862	37	2	50
555862	59	5	87
556299	0	5	76
556299	15	3	90
556299	37	2	43
556299	59	2	100
557752	0	9	41
557752	15	23	42
557752	37	19	50
557752	59	47	101
557896	0	16	96
557896	15	3	50
557896	37	4	35
557896	59	4	113
558420	0	21	46
558420	15	28	52
558420	37	21	43
558420	59	58	115
561855	0	1	37
561855	15	3	36
561855	37	1	38
561855	59	0	101
563378	0	1	34
563378	15	1	29
563378	37	5	43
563378	59	0	99
567020	0	7	70
567020	15	2	46
567020	37	1	33
567020	59	5	94
568427	0	3	104
568427	15	1	64
568427	37	4	29
568427	59	9	86
569376	0	3	65
569376	15	3	54
569376	37	6	46
569376	59	5	84
572060	0	16	41
572060	15	9	57
572060	37	11	43
572060	59	24	120
574134	0	13	77
574134	15	7	53
574134	37	2	36
574134	59	6	112
574789	0	4	49
574789	15	3	43
574789	37	0	36
574789	59	0	92
577295	0	6	65
577295	15	12	82
577295	37	14	55
577295	59	31	88
577502	0	17	65
577502	15	22	54
577502	37	22	59
577502	59	42	117
584419	0	4	33
584419	15	5	33
584419	37	3	44
584419	59	9	97
584620	0	1	49
584620	15	3	42
584620	37	0	28
584620	59	3	95
584638	0	6	46
584638	15	7	38
584638	37	6	33
584638	59	15	90
584654	0	4	31
584654	15	7	30
584654	37	6	28
584654	59	12	87
585155	0	1	35
585155	15	0	67
585155	37	0	39
585155	59	0	69
586902	0	6	16
586902	15	10	28
586902	37	28	61
586902	59	34	82
586951	0	12	37
586951	15	24	39
586951	37	27	52
586951	59	42	72
588204	0	10	20
588204	15	22	25
588204	37	49	58
588204	59	81	98
588703	0	2	16
588703	15	5	38
588703	37	6	41
588703	59	28	113
590139	0	9	42
590139	15	28	55
590139	37	15	39
590139	59	60	106
590315	0	5	19
590315	15	7	28
590315	37	17	51
590315	59	34	89
593197	0	3	30
593197	15	6	42
593197	37	3	48
593197	59	23	103
599406	0	2	35
599406	15	0	34
599406	37	0	43
599406	59	0	101
599598	0	3	31
599598	15	9	36
599598	37	3	43
599598	59	10	117
602113	0	4	23
602113	15	6	36
602113	37	14	33
602113	59	14	66
605327	0	10	44
605327	15	6	47
605327	37	7	25
605327	59	22	98
605809	0	21	83
605809	15	24	66
605809	37	9	26
605809	59	49	133
608727	0	2	88
608727	15	2	53
608727	37	0	55
608727	59	0	111
608954	0	14	85
608954	15	16	84
608954	37	7	23
608954	59	36	122
610366	0	12	37
610366	15	6	43
610366	37	11	59
610366	59	35	90
610742	0	25	63
610742	15	14	46
610742	37	13	48
610742	59	20	99
610788	0	11	51
610788	15	4	38
610788	37	0	35
610788	59	3	82
610970	0	1	101
610970	15	4	64
610970	37	2	52
610970	59	0	84
611575	0	31	103
611575	15	24	75
611575	37	19	53
611575	59	20	102
612115	0	31	66
612115	15	20	35
612115	37	19	37
612115	59	51	82
617018	0	2	45
617018	15	5	57
617018	37	2	43
617018	59	6	87
617061	0	2	48
617061	15	1	35
617061	37	1	39
617061	59	0	92
621501	0	18	92
621501	15	13	80
621501	37	7	34
621501	59	20	100
622349	0	3	40
622349	15	1	34
622349	37	0	46
622349	59	0	115
622580	0	1	66
622580	15	4	32
622580	37	3	25
622580	59	8	118
622699	0	4	55
622699	15	4	39
622699	37	8	48
622699	59	19	91
624356	0	2	95
624356	15	0	71
624356	37	4	23
624356	59	3	101
625012	0	11	33
625012	15	19	37
625012	37	15	41
625012	59	24	64
625799	0	22	97
625799	15	20	84
625799	37	14	45
625799	59	27	94
626261	0	4	84
626261	15	0	38
626261	37	0	34
626261	59	0	122
626381	0	1	53
626381	15	0	23
626381	37	1	15
626381	59	3	69
626468	0	21	82
626468	15	21	44
626468	37	7	28
626468	59	31	62
628151	0	3	62
628151	15	1	47
628151	37	0	31
628151	59	0	79
628547	0	9	52
628547	15	9	36
628547	37	6	51
628547	59	11	90
628599	0	10	43
628599	15	6	43
628599	37	10	48
628599	59	21	117
629315	0	11	45
629315	15	11	52
629315	37	16	62
629315	59	20	97
630232	0	4	41
630232	15	6	52
630232	37	11	53
630232	59	18	94
630979	0	1	18
630979	15	0	26
630979	37	1	56
630979	59	3	120
632849	0	1	46
632849	15	2	39
632849	37	1	51
632849	59	6	116
632880	0	1	36
632880	15	2	18
632880	37	5	43
632880	59	34	103
634190	0	1	36
634190	15	2	39
634190	37	3	52
634190	59	4	87
635773	0	19	97
635773	15	8	58
635773	37	3	19
635773	59	23	108
636212	0	14	84
636212	15	14	56
636212	37	8	44
636212	59	32	97
638193	0	34	68
638193	15	24	42
638193	37	20	36
638193	59	38	90
638384	0	2	23
638384	15	2	17
638384	37	3	38
638384	59	3	60
638385	0	1	22
638385	15	2	16
638385	37	4	38
638385	59	3	60
638563	0	2	18
638563	15	2	19
638563	37	8	33
638563	59	16	68
638767	0	2	28
638767	15	2	36
638767	37	3	31
638767	59	3	77
638835	0	2	29
638835	15	4	36
638835	37	4	43
638835	59	1	108
639696	0	1	77
639696	15	0	68
639696	37	2	45
639696	59	0	94
639864	0	3	30
639864	15	0	43
639864	37	0	40
639864	59	0	103
642066	0	3	24
642066	15	1	24
642066	37	6	43
642066	59	4	113
642338	0	1	43
642338	15	1	39
642338	37	2	49
642338	59	0	110
642540	0	7	18
642540	15	1	31
642540	37	8	38
642540	59	10	99
644110	0	22	62
644110	15	17	64
644110	37	12	33
644110	59	16	77
644480	0	2	74
644480	15	9	57
644480	37	3	32
644480	59	4	64
645875	0	16	66
645875	15	7	55
645875	37	4	63
645875	59	4	106
646789	0	1	92
646789	15	2	62
646789	37	1	30
646789	59	6	105
647953	0	3	25
647953	15	2	33
647953	37	1	32
647953	59	12	91
648364	0	21	45
648364	15	56	71
648364	37	36	49
648364	59	76	98
650545	0	3	67
650545	15	2	62
650545	37	0	33
650545	59	0	81
651243	0	2	24
651243	15	4	17
651243	37	5	37
651243	59	7	79
651244	0	1	23
651244	15	2	18
651244	37	1	35
651244	59	5	85
651245	0	1	25
651245	15	2	17
651245	37	2	35
651245	59	5	87
652417	0	2	34
652417	15	1	57
652417	37	2	24
652417	59	13	98
652761	0	1	33
652761	15	0	22
652761	37	0	45
652761	59	4	104
653773	0	1	34
653773	15	1	34
653773	37	4	59
653773	59	0	89
655645	0	21	71
655645	15	30	79
655645	37	25	53
655645	59	50	118
656944	0	23	80
656944	15	6	67
656944	37	3	42
656944	59	18	122
657878	0	4	39
657878	15	0	43
657878	37	0	41
657878	59	2	81
657945	0	2	29
657945	15	2	39
657945	37	1	32
657945	59	1	99
658416	0	1	79
658416	15	0	58
658416	37	0	52
658416	59	0	99
659234	0	6	19
659234	15	13	21
659234	37	27	50
659234	59	57	99
661882	0	7	74
661882	15	2	62
661882	37	3	28
661882	59	1	106
661995	0	32	65
661995	15	19	58
661995	37	24	55
661995	59	44	113
662823	0	2	42
662823	15	2	40
662823	37	2	36
662823	59	6	98
662824	0	17	45
662824	15	17	42
662824	37	8	42
662824	59	36	99
662826	0	16	48
662826	15	16	41
662826	37	8	44
662826	59	36	97
662827	0	16	46
662827	15	14	40
662827	37	8	44
662827	59	36	98
662854	0	6	56
662854	15	8	43
662854	37	0	42
662854	59	2	72
664791	0	4	19
664791	15	5	47
664791	37	14	47
664791	59	28	118
666375	0	27	56
666375	15	38	63
666375	37	33	50
666375	59	79	124
667954	0	6	37
667954	15	1	58
667954	37	5	53
667954	59	19	116
668106	0	1	72
668106	15	3	74
668106	37	2	52
668106	59	3	79
670592	0	3	17
670592	15	1	27
670592	37	2	33
670592	59	1	58
673818	0	1	26
673818	15	0	17
673818	37	4	19
673818	59	6	50
675410	0	9	52
675410	15	11	31
675410	37	14	35
675410	59	44	86
676735	0	15	80
676735	15	21	53
676735	37	17	48
676735	59	32	92
681326	0	1	63
681326	15	1	57
681326	37	0	53
681326	59	0	95
690520	0	1	22
690520	15	0	33
690520	37	5	42
690520	59	0	75
690800	0	17	40
690800	15	12	35
690800	37	16	37
690800	59	25	103
690912	0	4	66
690912	15	5	49
690912	37	4	54
690912	59	12	93
702126	0	1	56
702126	15	2	49
702126	37	3	43
702126	59	0	97
702580	0	1	17
702580	15	1	38
702580	37	1	39
702580	59	9	96
704825	0	31	73
704825	15	29	54
704825	37	19	29
704825	59	63	87
707650	0	3	64
707650	15	9	64
707650	37	6	35
707650	59	5	91
707651	0	2	65
707651	15	8	64
707651	37	4	31
707651	59	4	85
707655	0	2	61
707655	15	2	60
707655	37	1	30
707655	59	4	95
707656	0	2	63
707656	15	1	58
707656	37	1	30
707656	59	4	96
707657	0	1	67
707657	15	0	62
707657	37	1	32
707657	59	1	94
707711	0	9	57
707711	15	4	75
707711	37	3	39
707711	59	24	117
707820	0	3	31
707820	15	11	33
707820	37	15	51
707820	59	38	113
708861	0	1	32
708861	15	4	48
708861	37	0	57
708861	59	0	128
709208	0	1	20
709208	15	4	28
709208	37	2	43
709208	59	27	130
711284	0	1	17
711284	15	0	15
711284	37	0	20
711284	59	4	37
711386	0	1	38
711386	15	1	29
711386	37	1	28
711386	59	2	50
712539	0	3	30
712539	15	5	33
712539	37	6	44
712539	59	30	116
712604	0	1	60
712604	15	2	59
712604	37	0	50
712604	59	2	118
713129	0	38	97
713129	15	60	78
713129	37	27	43
713129	59	63	90
713423	0	4	79
713423	15	1	60
713423	37	2	52
713423	59	9	83
717822	0	3	18
717822	15	9	33
717822	37	3	54
717822	59	4	109
718367	0	9	45
718367	15	9	46
718367	37	4	41
718367	59	20	118
718955	0	18	57
718955	15	4	53
718955	37	5	48
718955	59	20	117
719055	0	11	54
719055	15	9	48
719055	37	3	37
719055	59	11	98
719169	0	17	41
719169	15	20	31
719169	37	15	26
719169	59	53	88
720609	0	4	41
720609	15	16	76
720609	37	16	57
720609	59	18	76
721056	0	1	51
721056	15	1	53
721056	37	3	41
721056	59	0	105
721291	0	1	91
721291	15	4	74
721291	37	0	43
721291	59	2	99
722224	0	11	64
722224	15	1	65
722224	37	0	26
722224	59	2	122
722997	0	8	57
722997	15	4	52
722997	37	5	25
722997	59	12	92
723092	0	29	76
723092	15	25	46
723092	37	18	28
723092	59	54	88
723341	0	3	54
723341	15	0	43
723341	37	0	24
723341	59	4	100
726128	0	41	101
726128	15	31	73
726128	37	20	39
726128	59	53	95
727500	0	1	31
727500	15	2	43
727500	37	3	39
727500	59	3	116
727503	0	1	34
727503	15	0	44
727503	37	2	39
727503	59	1	115
730203	0	17	52
730203	15	39	58
730203	37	24	51
730203	59	62	119
732885	0	1	43
732885	15	0	44
732885	37	1	26
732885	59	1	60
733089	0	10	58
733089	15	20	62
733089	37	13	52
733089	59	36	100
733992	0	5	72
733992	15	1	75
733992	37	0	41
733992	59	2	86
734501	0	3	71
734501	15	4	44
734501	37	1	31
734501	59	9	95
735330	0	19	40
735330	15	30	52
735330	37	18	33
735330	59	46	94
735457	0	6	61
735457	15	1	49
735457	37	1	23
735457	59	3	65
736594	0	2	89
736594	15	2	66
736594	37	1	54
736594	59	8	94
736976	0	17	79
736976	15	29	57
736976	37	15	31
736976	59	57	117
737625	0	1	67
737625	15	5	61
737625	37	0	49
737625	59	0	100
738528	0	2	56
738528	15	6	57
738528	37	2	33
738528	59	3	77
739337	0	3	70
739337	15	3	77
739337	37	2	40
739337	59	1	97
739338	0	2	57
739338	15	4	68
739338	37	1	36
739338	59	1	89
739339	0	3	68
739339	15	1	64
739339	37	2	40
739339	59	0	93
739622	0	4	57
739622	15	3	53
739622	37	1	47
739622	59	0	74
739650	0	28	59
739650	15	30	58
739650	37	28	39
739650	59	60	89
740594	0	2	41
740594	15	0	44
740594	37	0	58
740594	59	2	96
741226	0	4	48
741226	15	0	17
741226	37	3	25
741226	59	3	87
745144	0	6	47
745144	15	3	54
745144	37	0	49
745144	59	9	97
746825	0	8	28
746825	15	9	33
746825	37	9	41
746825	59	27	111
750084	0	6	82
750084	15	2	92
750084	37	0	45
750084	59	1	89
750363	0	6	60
750363	15	2	59
750363	37	1	32
750363	59	6	88
751536	0	16	64
751536	15	13	51
751536	37	9	31
751536	59	12	76
751672	0	6	59
751672	15	0	46
751672	37	2	40
751672	59	5	84
752258	0	13	66
752258	15	5	63
752258	37	11	48
752258	59	11	116
753911	0	1	72
753911	15	1	75
753911	37	0	39
753911	59	0	115
754093	0	28	93
754093	15	36	82
754093	37	34	48
754093	59	66	113
755396	0	1	64
755396	15	0	66
755396	37	0	42
755396	59	3	107
755605	0	6	27
755605	15	5	23
755605	37	11	33
755605	59	18	95
759105	0	5	25
759105	15	2	25
759105	37	5	44
759105	59	11	86
759124	0	7	26
759124	15	4	24
759124	37	13	39
759124	59	15	86
759295	0	10	34
759295	15	10	28
759295	37	16	49
759295	59	27	88
759674	0	1	59
759674	15	0	78
759674	37	2	44
759674	59	0	104
762052	0	4	34
762052	15	1	41
762052	37	5	43
762052	59	15	134
763670	0	29	74
763670	15	43	71
763670	37	34	54
763670	59	56	76
763865	0	28	59
763865	15	31	85
763865	37	21	46
763865	59	17	93
764114	0	6	24
764114	15	6	21
764114	37	5	20
764114	59	11	72
767469	0	2	40
767469	15	0	45
767469	37	2	32
767469	59	7	87
767470	0	3	33
767470	15	0	39
767470	37	4	29
767470	59	8	80
769188	0	31	68
769188	15	19	39
769188	37	6	18
769188	59	31	64
769441	0	1	80
769441	15	0	56
769441	37	2	41
769441	59	2	74
770382	0	3	31
770382	15	5	28
770382	37	7	49
770382	59	14	94
770917	0	2	31
770917	15	0	28
770917	37	0	25
770917	59	1	100
775651	0	30	97
775651	15	32	69
775651	37	21	41
775651	59	44	92
775694	0	1	89
775694	15	1	56
775694	37	0	36
775694	59	0	102
777715	0	18	62
777715	15	13	68
777715	37	12	44
777715	59	20	112
778964	0	6	104
778964	15	8	85
778964	37	0	27
778964	59	3	93
779262	0	3	81
779262	15	5	81
779262	37	4	39
779262	59	4	90
780875	0	29	79
780875	15	23	77
780875	37	10	34
780875	59	16	112
784215	0	2	98
784215	15	0	63
784215	37	1	37
784215	59	0	56
785762	0	3	82
785762	15	0	58
785762	37	0	47
785762	59	0	102
788003	0	6	50
788003	15	7	32
788003	37	1	34
788003	59	13	100
789852	0	1	49
789852	15	0	49
789852	37	0	47
789852	59	0	113
790267	0	10	31
790267	15	8	44
790267	37	6	26
790267	59	8	72
790554	0	1	24
790554	15	2	15
790554	37	2	32
790554	59	4	65
790555	0	1	27
790555	15	2	16
790555	37	3	30
790555	59	4	70
791215	0	25	58
791215	15	9	71
791215	37	12	39
791215	59	15	96
793693	0	2	28
793693	15	4	56
793693	37	1	39
793693	59	5	107
793694	0	2	28
793694	15	3	51
793694	37	1	40
793694	59	2	104
793695	0	2	27
793695	15	3	51
793695	37	1	41
793695	59	2	100
796825	0	10	44
796825	15	25	55
796825	37	20	40
796825	59	67	107
797166	0	8	81
797166	15	9	81
797166	37	2	39
797166	59	2	94
797493	0	4	56
797493	15	2	58
797493	37	6	32
797493	59	12	79
798907	0	4	39
798907	15	1	42
798907	37	2	29
798907	59	1	112
799253	0	1	16
799253	15	0	21
799253	37	0	41
799253	59	1	116
799287	0	1	21
799287	15	3	33
799287	37	2	53
799287	59	2	101
799448	0	1	59
799448	15	1	71
799448	37	2	50
799448	59	22	100
800284	0	1	44
800284	15	0	63
800284	37	0	51
800284	59	0	106
807136	0	11	90
807136	15	8	41
807136	37	6	26
807136	59	7	87
807142	0	7	97
807142	15	2	42
807142	37	0	27
807142	59	1	88
807200	0	4	84
807200	15	0	50
807200	37	7	33
807200	59	6	65
808190	0	5	44
808190	15	5	54
808190	37	1	53
808190	59	0	89
808582	0	6	20
808582	15	6	37
808582	37	7	48
808582	59	11	89
809011	0	1	15
809011	15	0	17
809011	37	2	35
809011	59	1	97
818980	0	1	15
818980	15	0	21
818980	37	0	38
818980	59	2	106
820183	0	22	73
820183	15	30	53
820183	37	14	18
820183	59	56	106
820913	0	1	37
820913	15	1	47
820913	37	0	55
820913	59	0	94
823192	0	4	67
823192	15	2	50
823192	37	0	24
823192	59	1	94
827588	0	1	105
827588	15	0	61
827588	37	0	33
827588	59	17	88
828050	0	2	85
828050	15	0	56
828050	37	0	39
828050	59	0	103
828447	0	5	90
828447	15	1	76
828447	37	4	37
828447	59	7	70
828864	0	5	69
828864	15	2	37
828864	37	0	35
828864	59	1	97
828943	0	15	83
828943	15	12	65
828943	37	2	27
828943	59	13	95
829103	0	3	59
829103	15	1	29
829103	37	5	61
829103	59	11	78
829208	0	34	104
829208	15	16	75
829208	37	15	42
829208	59	31	98
829334	0	10	83
829334	15	11	63
829334	37	5	31
829334	59	11	91
831037	0	5	42
831037	15	10	53
831037	37	9	48
831037	59	13	123
831127	0	21	64
831127	15	7	37
831127	37	14	54
831127	59	25	106
831139	0	25	74
831139	15	8	38
831139	37	14	55
831139	59	27	108
831248	0	20	55
831248	15	6	44
831248	37	16	47
831248	59	19	90
832079	0	10	37
832079	15	9	42
832079	37	16	52
832079	59	13	133
832165	0	1	40
832165	15	0	61
832165	37	0	50
832165	59	0	96
833923	0	18	73
833923	15	14	65
833923	37	10	29
833923	59	7	64
834657	0	2	57
834657	15	3	60
834657	37	0	55
834657	59	0	98
834801	0	2	39
834801	15	1	47
834801	37	0	43
834801	59	0	94
836392	0	11	59
836392	15	35	81
836392	37	18	36
836392	59	58	122
838085	0	11	49
838085	15	22	59
838085	37	21	42
838085	59	29	68
838228	0	5	24
838228	15	15	30
838228	37	13	33
838228	59	36	90
838284	0	4	53
838284	15	0	33
838284	37	3	26
838284	59	4	91
840631	0	2	74
840631	15	6	55
840631	37	1	32
840631	59	3	69
842013	0	7	22
842013	15	12	33
842013	37	17	50
842013	59	18	99
842091	0	2	19
842091	15	1	37
842091	37	1	35
842091	59	13	101
844187	0	18	75
844187	15	31	59
844187	37	26	48
844187	59	54	90
845181	0	3	38
845181	15	8	43
845181	37	8	42
845181	59	39	122
845248	0	22	46
845248	15	35	46
845248	37	43	55
845248	59	76	108
845843	0	17	79
845843	15	29	68
845843	37	22	43
845843	59	66	120
846084	0	5	69
846084	15	2	61
846084	37	0	52
846084	59	1	78
846972	0	1	81
846972	15	4	59
846972	37	0	46
846972	59	0	96
846998	0	5	94
846998	15	3	75
846998	37	0	36
846998	59	0	71
847283	0	1	49
847283	15	4	41
847283	37	3	60
847283	59	0	98
847380	0	8	52
847380	15	10	59
847380	37	4	58
847380	59	9	116
850192	0	20	59
850192	15	8	61
850192	37	7	36
850192	59	11	79
850539	0	42	85
850539	15	43	69
850539	37	7	18
850539	59	72	97
850652	0	1	42
850652	15	2	32
850652	37	0	37
850652	59	8	64
850655	0	1	43
850655	15	7	36
850655	37	0	34
850655	59	8	61
850658	0	2	38
850658	15	6	32
850658	37	0	27
850658	59	7	57
850660	0	2	36
850660	15	5	34
850660	37	0	29
850660	59	8	54
850664	0	7	36
850664	15	4	25
850664	37	2	31
850664	59	11	50
850962	0	31	77
850962	15	20	45
850962	37	17	38
850962	59	69	100
851782	0	2	16
851782	15	0	17
851782	37	5	38
851782	59	19	86
852169	0	4	44
852169	15	5	33
852169	37	2	35
852169	59	5	54
852420	0	4	46
852420	15	1	40
852420	37	4	65
852420	59	8	100
852448	0	6	45
852448	15	13	51
852448	37	11	48
852448	59	17	96
853451	0	15	89
853451	15	8	65
853451	37	13	54
853451	59	8	85
853503	0	2	91
853503	15	1	73
853503	37	3	48
853503	59	0	96
854283	0	25	72
854283	15	11	45
854283	37	7	38
854283	59	25	100
856386	0	11	93
856386	15	4	61
856386	37	3	49
856386	59	18	113
857894	0	4	69
857894	15	4	32
857894	37	0	29
857894	59	9	68
858728	0	22	62
858728	15	21	44
858728	37	18	27
858728	59	31	64
858840	0	14	62
858840	15	2	24
858840	37	3	24
858840	59	10	79
859185	0	2	77
859185	15	0	42
859185	37	0	39
859185	59	1	96
859906	0	1	49
859906	15	0	50
859906	37	4	38
859906	59	10	92
863619	0	9	48
863619	15	9	55
863619	37	7	45
863619	59	15	94
863911	0	5	46
863911	15	0	36
863911	37	1	56
863911	59	2	84
865184	0	22	53
865184	15	15	60
865184	37	10	31
865184	59	15	86
865235	0	31	79
865235	15	16	58
865235	37	7	22
865235	59	15	82
865245	0	29	75
865245	15	18	61
865245	37	9	22
865245	59	12	80
865364	0	25	71
865364	15	26	52
865364	37	15	36
865364	59	42	71
867715	0	1	17
867715	15	0	20
867715	37	2	40
867715	59	5	125
873404	0	2	35
873404	15	3	38
873404	37	2	43
873404	59	13	104
874127	0	14	79
874127	15	11	43
874127	37	13	42
874127	59	21	79
876583	0	6	49
876583	15	1	54
876583	37	0	40
876583	59	3	96
877270	0	4	53
877270	15	0	56
877270	37	8	56
877270	59	8	102
877429	0	23	50
877429	15	24	54
877429	37	16	53
877429	59	19	80
877480	0	1	57
877480	15	8	56
877480	37	1	38
877480	59	0	85
877700	0	16	55
877700	15	30	57
877700	37	30	54
877700	59	51	85
882707	0	6	76
882707	15	5	61
882707	37	7	65
882707	59	20	111
882821	0	3	57
882821	15	3	75
882821	37	1	38
882821	59	9	100
883062	0	10	105
883062	15	9	81
883062	37	1	40
883062	59	15	104
884031	0	3	102
884031	15	3	55
884031	37	1	47
884031	59	3	70
884197	0	1	70
884197	15	2	48
884197	37	2	27
884197	59	1	49
884824	0	8	77
884824	15	8	44
884824	37	4	41
884824	59	17	104
885048	0	18	76
885048	15	17	60
885048	37	12	52
885048	59	29	117
885587	0	7	16
885587	15	11	28
885587	37	17	41
885587	59	30	98
887054	0	18	38
887054	15	22	42
887054	37	18	40
887054	59	63	97
887576	0	22	59
887576	15	22	48
887576	37	37	60
887576	59	78	119
887687	0	25	84
887687	15	18	63
887687	37	5	33
887687	59	11	88
888503	0	21	64
888503	15	6	45
888503	37	4	21
888503	59	10	102
889075	0	20	47
889075	15	17	40
889075	37	11	47
889075	59	27	128
890586	0	1	21
890586	15	6	33
890586	37	2	47
890586	59	18	105
891118	0	10	43
891118	15	27	43
891118	37	18	39
891118	59	39	99
892466	0	2	87
892466	15	0	84
892466	37	0	41
892466	59	0	115
893132	0	9	80
893132	15	12	78
893132	37	1	30
893132	59	5	93
893270	0	9	73
893270	15	6	65
893270	37	0	43
893270	59	5	97
893883	0	1	37
893883	15	3	31
893883	37	2	42
893883	59	5	107
894324	0	7	65
894324	15	6	45
894324	37	2	35
894324	59	17	118
895367	0	1	25
895367	15	1	24
895367	37	3	38
895367	59	7	82
895883	0	11	78
895883	15	5	66
895883	37	6	36
895883	59	13	92
896593	0	4	36
896593	15	7	23
896593	37	2	50
896593	59	11	104
896622	0	7	42
896622	15	3	43
896622	37	9	42
896622	59	18	117
897176	0	26	107
897176	15	20	63
897176	37	12	37
897176	59	8	111
897559	0	28	78
897559	15	30	73
897559	37	6	34
897559	59	29	86
898442	0	9	29
898442	15	9	45
898442	37	10	44
898442	59	5	107
899841	0	5	16
899841	15	5	30
899841	37	13	55
899841	59	17	113
903318	0	18	79
903318	15	9	73
903318	37	6	50
903318	59	16	78
904179	0	30	63
904179	15	17	57
904179	37	17	52
904179	59	29	118
904654	0	16	37
904654	15	17	55
904654	37	16	58
904654	59	30	81
905102	0	10	32
905102	15	20	41
905102	37	21	36
905102	59	67	116
908115	0	10	65
908115	15	11	74
908115	37	2	49
908115	59	10	121
908535	0	8	81
908535	15	3	61
908535	37	0	41
908535	59	4	101
908776	0	2	89
908776	15	3	66
908776	37	1	31
908776	59	0	86
908833	0	39	102
908833	15	34	78
908833	37	13	27
908833	59	46	73
909490	0	10	55
909490	15	12	51
909490	37	6	22
909490	59	18	84
909588	0	1	79
909588	15	2	55
909588	37	0	24
909588	59	0	69
909610	0	19	82
909610	15	11	57
909610	37	8	25
909610	59	21	71
911675	0	1	51
911675	15	3	66
911675	37	0	62
911675	59	0	112
912049	0	32	79
912049	15	45	84
912049	37	27	46
912049	59	64	104
912124	0	13	70
912124	15	8	45
912124	37	1	34
912124	59	9	81
912580	0	11	41
912580	15	3	56
912580	37	2	54
912580	59	16	115
913339	0	21	81
913339	15	12	71
913339	37	8	54
913339	59	7	99
913402	0	20	66
913402	15	25	50
913402	37	36	58
913402	59	61	98
913974	0	4	26
913974	15	11	41
913974	37	3	50
913974	59	13	119
914163	0	13	47
914163	15	32	71
914163	37	31	55
914163	59	65	110
914494	0	8	27
914494	15	21	45
914494	37	39	61
914494	59	61	105
914523	0	9	30
914523	15	25	55
914523	37	42	65
914523	59	73	120
915222	0	3	16
915222	15	4	31
915222	37	3	44
915222	59	16	104
916589	0	13	38
916589	15	22	39
916589	37	39	65
916589	59	56	104
916925	0	18	53
916925	15	24	47
916925	37	23	48
916925	59	56	88
918177	0	13	44
918177	15	30	56
918177	37	23	42
918177	59	54	97
918183	0	5	48
918183	15	3	60
918183	37	4	43
918183	59	9	97
918560	0	13	38
918560	15	21	36
918560	37	36	58
918560	59	59	91
918678	0	6	22
918678	15	5	30
918678	37	15	47
918678	59	33	121
919085	0	2	84
919085	15	5	60
919085	37	1	32
919085	59	2	80
919817	0	1	69
919817	15	1	42
919817	37	0	63
919817	59	0	75
919880	0	6	44
919880	15	8	28
919880	37	3	37
919880	59	12	88
919932	0	10	26
919932	15	4	21
919932	37	6	21
919932	59	8	88
920447	0	7	58
920447	15	5	40
920447	37	4	58
920447	59	7	104
920448	0	3	62
920448	15	7	43
920448	37	7	58
920448	59	12	102
921680	0	11	38
921680	15	13	29
921680	37	16	33
921680	59	52	89
922700	0	16	87
922700	15	9	49
922700	37	1	49
922700	59	10	102
923904	0	20	81
923904	15	13	59
923904	37	9	44
923904	59	14	120
923917	0	15	62
923917	15	14	52
923917	37	8	42
923917	59	16	102
924040	0	2	67
924040	15	6	50
924040	37	3	37
924040	59	3	91
924425	0	9	34
924425	15	8	43
924425	37	6	57
924425	59	16	114
924785	0	20	47
924785	15	28	44
924785	37	37	53
924785	59	83	110
924887	0	2	42
924887	15	1	65
924887	37	2	45
924887	59	1	133
925536	0	21	47
925536	15	47	69
925536	37	31	45
925536	59	80	103
925841	0	4	103
925841	15	0	60
925841	37	0	39
925841	59	1	87
925990	0	25	105
925990	15	10	62
925990	37	9	43
925990	59	23	129
926015	0	1	101
926015	15	0	73
926015	37	0	53
926015	59	0	110
926514	0	8	34
926514	15	4	22
926514	37	5	47
926514	59	16	89
926676	0	2	58
926676	15	1	22
926676	37	0	28
926676	59	0	75
927903	0	2	61
927903	15	1	28
927903	37	3	43
927903	59	3	83
928417	0	11	83
928417	15	10	76
928417	37	4	28
928417	59	6	83
929730	0	20	44
929730	15	24	43
929730	37	23	30
929730	59	67	82
934649	0	12	27
934649	15	6	25
934649	37	5	34
934649	59	21	92
936964	0	2	37
936964	15	1	45
936964	37	1	55
936964	59	1	116
938352	0	8	86
938352	15	8	58
938352	37	5	37
938352	59	9	108
940813	0	2	43
940813	15	0	42
940813	37	1	39
940813	59	3	78
941113	0	13	60
941113	15	8	72
941113	37	8	55
941113	59	12	105
942752	0	8	25
942752	15	6	22
942752	37	8	40
942752	59	33	129
944596	0	12	53
944596	15	14	54
944596	37	10	35
944596	59	6	85
945024	0	9	38
945024	15	6	50
945024	37	3	35
945024	59	10	70
945107	0	1	31
945107	15	1	42
945107	37	0	44
945107	59	1	109
945174	0	1	27
945174	15	1	46
945174	37	0	47
945174	59	3	101
945250	0	17	40
945250	15	11	45
945250	37	14	57
945250	59	40	90
945290	0	1	20
945290	15	3	42
945290	37	1	49
945290	59	3	90
945291	0	2	18
945291	15	4	38
945291	37	4	48
945291	59	9	84
945296	0	1	15
945296	15	2	39
945296	37	2	50
945296	59	5	82
945577	0	12	44
945577	15	5	45
945577	37	1	33
945577	59	12	89
945632	0	12	52
945632	15	8	53
945632	37	3	29
945632	59	17	105
945905	0	7	29
945905	15	5	43
945905	37	3	35
945905	59	5	110
945906	0	7	30
945906	15	5	40
945906	37	3	35
945906	59	4	106
947748	0	1	54
947748	15	1	52
947748	37	3	26
947748	59	7	93
947783	0	2	54
947783	15	3	50
947783	37	0	15
947783	59	0	103
948697	0	8	76
948697	15	1	33
948697	37	1	45
948697	59	7	92
948837	0	8	28
948837	15	13	43
948837	37	10	45
948837	59	28	100
949399	0	6	47
949399	15	3	42
949399	37	4	34
949399	59	15	116
949636	0	11	25
949636	15	8	25
949636	37	16	39
949636	59	36	133
956292	0	1	60
956292	15	0	67
956292	37	0	35
956292	59	0	88
958079	0	11	49
958079	15	17	53
958079	37	19	51
958079	59	43	87
959421	0	44	103
959421	15	30	88
959421	37	10	47
959421	59	21	83
959598	0	13	73
959598	15	7	54
959598	37	0	36
959598	59	6	85
960702	0	15	73
960702	15	11	66
960702	37	5	36
960702	59	8	86
960763	0	2	53
960763	15	11	62
960763	37	4	50
960763	59	12	82
960900	0	27	86
960900	15	9	59
960900	37	0	36
960900	59	8	71
960927	0	19	70
960927	15	18	76
960927	37	6	51
960927	59	11	68
961386	0	8	66
961386	15	1	55
961386	37	8	54
961386	59	9	88
961659	0	2	56
961659	15	0	38
961659	37	3	44
961659	59	8	105
962616	0	11	71
962616	15	8	61
962616	37	5	16
962616	59	10	88
963176	0	6	17
963176	15	3	21
963176	37	5	39
963176	59	15	127
963476	0	1	84
963476	15	3	68
963476	37	5	46
963476	59	3	95
963763	0	16	68
963763	15	2	37
963763	37	6	45
963763	59	3	89
967150	0	15	69
967150	15	12	49
967150	37	4	38
967150	59	17	99
968181	0	8	63
968181	15	12	71
968181	37	2	55
968181	59	16	97
968415	0	5	49
968415	15	10	57
968415	37	4	46
968415	59	5	74
968457	0	10	65
968457	15	15	77
968457	37	4	49
968457	59	10	87
972519	0	23	71
972519	15	22	74
972519	37	17	43
972519	59	26	104
973171	0	2	50
973171	15	2	39
973171	37	3	53
973171	59	4	113
973221	0	11	26
973221	15	11	32
973221	37	12	52
973221	59	23	91
973222	0	11	25
973222	15	10	31
973222	37	12	52
973222	59	21	91
975007	0	9	37
975007	15	6	34
975007	37	6	47
975007	59	10	109
978162	0	24	82
978162	15	9	64
978162	37	6	42
978162	59	17	96
978263	0	1	102
978263	15	5	70
978263	37	0	35
978263	59	0	74
980135	0	15	49
980135	15	19	61
980135	37	16	30
980135	59	25	97
982210	0	14	48
982210	15	19	59
982210	37	17	49
982210	59	30	112
982544	0	17	41
982544	15	14	44
982544	37	7	30
982544	59	26	76
982845	0	6	21
982845	15	3	21
982845	37	0	34
982845	59	12	118
983254	0	22	71
983254	15	20	82
983254	37	17	49
983254	59	37	115
983467	0	5	38
983467	15	2	49
983467	37	8	48
983467	59	17	107
987585	0	2	31
987585	15	13	48
987585	37	6	43
987585	59	14	101
988326	0	32	73
988326	15	23	63
988326	37	19	49
988326	59	51	120
989001	0	2	40
989001	15	2	42
989001	37	3	32
989001	59	3	82
989386	0	19	46
989386	15	15	54
989386	37	21	52
989386	59	29	98
990885	0	19	51
990885	15	11	32
990885	37	10	23
990885	59	31	115
992270	0	9	20
992270	15	19	31
992270	37	33	40
992270	59	88	105
993224	0	6	15
993224	15	20	30
993224	37	24	42
993224	59	67	90
993901	0	11	26
993901	15	16	48
993901	37	5	47
993901	59	16	73
994587	0	23	60
994587	15	34	71
994587	37	7	39
994587	59	32	116
995107	0	24	55
995107	15	15	49
995107	37	10	36
995107	59	23	73
995360	0	32	72
995360	15	25	66
995360	37	14	37
995360	59	25	84
995850	0	6	22
995850	15	16	51
995850	37	10	53
995850	59	35	91
996493	0	2	66
996493	15	0	47
996493	37	5	47
996493	59	4	116
996721	0	2	54
996721	15	1	70
996721	37	0	49
996721	59	6	111
996722	0	2	56
996722	15	0	68
996722	37	0	48
996722	59	6	112
996844	0	13	28
996844	15	13	36
996844	37	7	32
996844	59	28	95
997146	0	12	39
997146	15	9	36
997146	37	5	20
997146	59	24	95
997626	0	20	55
997626	15	10	21
997626	37	4	21
997626	59	29	104
999190	0	22	49
999190	15	14	41
999190	37	16	40
999190	59	25	119
999322	0	27	55
999322	15	12	69
999322	37	1	41
999322	59	27	115
999326	0	26	57
999326	15	51	63
999326	37	39	40
999326	59	87	114
999568	0	11	36
999568	15	27	57
999568	37	26	56
999568	59	58	102
1000326	0	20	47
1000326	15	20	53
1000326	37	13	36
1000326	59	30	109
1000663	0	38	87
1000663	15	28	79
1000663	37	14	38
1000663	59	30	91
1002618	0	1	55
1002618	15	0	49
1002618	37	0	51
1002618	59	0	92
1003419	0	7	70
1003419	15	12	52
1003419	37	2	30
1003419	59	10	100
1005256	0	13	26
1005256	15	29	41
1005256	37	19	24
1005256	59	80	105
1005868	0	24	67
1005868	15	19	75
1005868	37	13	53
1005868	59	17	84
1006584	0	16	39
1006584	15	17	41
1006584	37	9	36
1006584	59	29	97
1006792	0	18	37
1006792	15	24	32
1006792	37	31	41
1006792	59	83	112
1007463	0	28	65
1007463	15	15	57
1007463	37	12	47
1007463	59	32	115
1008176	0	7	33
1008176	15	7	37
1008176	37	1	48
1008176	59	1	61
1008180	0	7	30
1008180	15	7	40
1008180	37	1	49
1008180	59	1	59
1009575	0	13	48
1009575	15	9	54
1009575	37	7	47
1009575	59	14	114
1009604	0	14	31
1009604	15	20	63
1009604	37	8	40
1009604	59	29	110
1010542	0	6	52
1010542	15	1	38
1010542	37	0	16
1010542	59	4	103
1010795	0	19	58
1010795	15	13	46
1010795	37	14	34
1010795	59	17	76
1011769	0	22	45
1011769	15	19	34
1011769	37	11	40
1011769	59	36	85
1011907	0	9	39
1011907	15	13	38
1011907	37	11	25
1011907	59	29	61
1011931	0	2	29
1011931	15	2	25
1011931	37	13	24
1011931	59	11	52
1011970	0	25	56
1011970	15	27	45
1011970	37	13	40
1011970	59	34	79
1012224	0	39	83
1012224	15	17	73
1012224	37	7	32
1012224	59	32	107
1012307	0	2	55
1012307	15	3	39
1012307	37	3	42
1012307	59	8	104
1012359	0	3	34
1012359	15	2	43
1012359	37	0	43
1012359	59	0	89
1012360	0	3	33
1012360	15	1	45
1012360	37	0	44
1012360	59	0	91
1013978	0	23	81
1013978	15	16	56
1013978	37	9	48
1013978	59	19	87
1014256	0	1	48
1014256	15	0	52
1014256	37	0	61
1014256	59	6	106
1014427	0	7	27
1014427	15	8	39
1014427	37	7	45
1014427	59	18	112
1014680	0	2	35
1014680	15	1	35
1014680	37	3	34
1014680	59	7	76
1015604	0	5	51
1015604	15	3	64
1015604	37	2	53
1015604	59	1	91
1015605	0	5	48
1015605	15	3	59
1015605	37	3	55
1015605	59	1	83
1017057	0	3	75
1017057	15	2	62
1017057	37	1	51
1017057	59	7	114
1017249	0	1	88
1017249	15	2	49
1017249	37	0	29
1017249	59	1	70
1018293	0	3	54
1018293	15	2	51
1018293	37	0	64
1018293	59	5	122
1022377	0	3	27
1022377	15	4	33
1022377	37	1	39
1022377	59	5	105
1023449	0	4	28
1023449	15	19	62
1023449	37	6	35
1023449	59	16	101
1023575	0	6	27
1023575	15	9	67
1023575	37	7	41
1023575	59	2	100
1024735	0	5	26
1024735	15	0	20
1024735	37	4	34
1024735	59	8	92
1025587	0	3	28
1025587	15	3	37
1025587	37	1	35
1025587	59	13	121
1028630	0	12	62
1028630	15	3	42
1028630	37	4	39
1028630	59	18	98
1029121	0	8	77
1029121	15	11	63
1029121	37	10	63
1029121	59	20	109
1029167	0	12	71
1029167	15	3	64
1029167	37	4	47
1029167	59	9	105
1029302	0	30	77
1029302	15	17	51
1029302	37	4	19
1029302	59	28	83
1030860	0	9	41
1030860	15	7	44
1030860	37	4	40
1030860	59	24	92
1033359	0	2	40
1033359	15	3	45
1033359	37	2	47
1033359	59	7	101
1034904	0	9	41
1034904	15	9	46
1034904	37	11	54
1034904	59	18	80
1036408	0	11	25
1036408	15	11	36
1036408	37	6	42
1036408	59	20	104
1036720	0	3	32
1036720	15	0	29
1036720	37	2	37
1036720	59	0	84
1040674	0	1	44
1040674	15	3	55
1040674	37	1	50
1040674	59	0	133
1044124	0	19	63
1044124	15	20	77
1044124	37	4	24
1044124	59	18	112
1045770	0	21	48
1045770	15	15	39
1045770	37	11	56
1045770	59	20	97
1046585	0	20	41
1046585	15	14	61
1046585	37	7	45
1046585	59	18	104
1048011	0	8	28
1048011	15	9	39
1048011	37	11	38
1048011	59	27	94
1048310	0	3	42
1048310	15	2	67
1048310	37	1	43
1048310	59	5	111
1048312	0	10	40
1048312	15	16	68
1048312	37	8	44
1048312	59	18	115
1048656	0	10	65
1048656	15	5	81
1048656	37	3	44
1048656	59	21	119
1048778	0	5	77
1048778	15	3	75
1048778	37	7	36
1048778	59	15	82
1049098	0	4	44
1049098	15	0	46
1049098	37	1	31
1049098	59	4	106
1049303	0	4	75
1049303	15	0	66
1049303	37	1	37
1049303	59	1	84
1050327	0	23	47
1050327	15	16	47
1050327	37	15	64
1050327	59	26	81
1050328	0	24	48
1050328	15	29	45
1050328	37	47	62
1050328	59	52	78
1050330	0	24	50
1050330	15	17	48
1050330	37	14	61
1050330	59	27	79
1050514	0	12	82
1050514	15	3	60
1050514	37	1	56
1050514	59	10	81
1052814	0	1	16
1052814	15	1	22
1052814	37	2	33
1052814	59	4	98
1053313	0	2	27
1053313	15	2	34
1053313	37	1	28
1053313	59	4	78
1053314	0	2	27
1053314	15	2	34
1053314	37	1	32
1053314	59	4	78
1053316	0	1	28
1053316	15	2	39
1053316	37	0	32
1053316	59	5	79
1055799	0	4	23
1055799	15	0	21
1055799	37	8	36
1055799	59	9	98
1058492	0	1	24
1058492	15	1	27
1058492	37	0	46
1058492	59	0	118
1059494	0	39	91
1059494	15	19	92
1059494	37	17	54
1059494	59	30	79
1059802	0	2	32
1059802	15	7	43
1059802	37	0	29
1059802	59	9	97
1068059	0	1	57
1068059	15	0	50
1068059	37	0	52
1068059	59	0	92
1068956	0	5	41
1068956	15	7	27
1068956	37	20	46
1068956	59	32	98
1069117	0	1	30
1069117	15	1	33
1069117	37	0	36
1069117	59	5	79
1069120	0	2	30
1069120	15	1	33
1069120	37	0	36
1069120	59	5	86
1069624	0	3	75
1069624	15	1	58
1069624	37	0	33
1069624	59	5	99
1069776	0	1	43
1069776	15	0	31
1069776	37	3	32
1069776	59	9	88
1069937	0	2	19
1069937	15	1	18
1069937	37	2	39
1069937	59	5	83
1071391	0	11	61
1071391	15	1	52
1071391	37	1	43
1071391	59	15	94
1071651	0	2	40
1071651	15	3	45
1071651	37	2	44
1071651	59	6	91
1071908	0	4	80
1071908	15	0	81
1071908	37	0	50
1071908	59	0	133
1072176	0	4	47
1072176	15	4	65
1072176	37	4	42
1072176	59	17	105
1072180	0	2	52
1072180	15	2	65
1072180	37	0	42
1072180	59	0	110
1072823	0	10	40
1072823	15	9	58
1072823	37	7	49
1072823	59	29	108
1073522	0	3	26
1073522	15	3	37
1073522	37	3	41
1073522	59	11	97
1074431	0	2	64
1074431	15	1	39
1074431	37	1	46
1074431	59	0	102
1074841	0	6	24
1074841	15	2	38
1074841	37	6	47
1074841	59	5	108
1076265	0	5	61
1076265	15	3	61
1076265	37	5	56
1076265	59	17	126
1076420	0	26	64
1076420	15	25	57
1076420	37	10	37
1076420	59	41	96
1076435	0	4	68
1076435	15	2	64
1076435	37	1	38
1076435	59	13	85
1076609	0	6	35
1076609	15	1	36
1076609	37	2	53
1076609	59	0	93
1077574	0	1	55
1077574	15	3	54
1077574	37	0	49
1077574	59	0	92
1082684	0	12	51
1082684	15	6	41
1082684	37	1	27
1082684	59	15	89
1083320	0	4	65
1083320	15	0	52
1083320	37	0	30
1083320	59	0	96
1083551	0	2	40
1083551	15	0	55
1083551	37	0	58
1083551	59	0	110
1084795	0	3	39
1084795	15	4	34
1084795	37	1	20
1084795	59	7	89
1084796	0	3	37
1084796	15	4	31
1084796	37	1	20
1084796	59	7	91
1084797	0	2	39
1084797	15	4	32
1084797	37	1	20
1084797	59	7	93
1086144	0	1	32
1086144	15	0	31
1086144	37	1	47
1086144	59	0	94
1086446	0	1	21
1086446	15	1	30
1086446	37	2	56
1086446	59	4	118
1094726	0	4	72
1094726	15	0	49
1094726	37	0	65
1094726	59	0	131
1095950	0	1	99
1095950	15	0	65
1095950	37	1	43
1095950	59	0	101
1098645	0	3	73
1098645	15	3	73
1098645	37	0	34
1098645	59	0	71
1101284	0	12	59
1101284	15	1	33
1101284	37	3	34
1101284	59	15	118
1101403	0	4	78
1101403	15	2	65
1101403	37	0	52
1101403	59	3	123
1107540	0	7	25
1107540	15	4	19
1107540	37	7	48
1107540	59	21	102
1109560	0	3	64
1109560	15	3	68
1109560	37	1	42
1109560	59	1	97
1114597	0	1	34
1114597	15	1	48
1114597	37	0	40
1114597	59	0	109
1119113	0	4	79
1119113	15	0	43
1119113	37	0	23
1119113	59	0	72
1119870	0	5	30
1119870	15	10	46
1119870	37	17	48
1119870	59	14	109
1119896	0	2	39
1119896	15	2	51
1119896	37	1	50
1119896	59	0	114
1125686	0	1	75
1125686	15	5	91
1125686	37	0	36
1125686	59	0	95
1125945	0	17	60
1125945	15	10	42
1125945	37	13	41
1125945	59	27	104
1127702	0	5	34
1127702	15	7	46
1127702	37	1	41
1127702	59	8	85
1127706	0	3	36
1127706	15	5	56
1127706	37	1	44
1127706	59	7	84
1127709	0	1	29
1127709	15	1	48
1127709	37	0	46
1127709	59	1	85
1129188	0	3	43
1129188	15	1	45
1129188	37	1	29
1129188	59	3	84
1131714	0	7	42
1131714	15	11	58
1131714	37	10	53
1131714	59	16	125
1131966	0	7	59
1131966	15	5	73
1131966	37	0	47
1131966	59	3	85
1133799	0	8	70
1133799	15	3	63
1133799	37	1	42
1133799	59	5	101
1133800	0	9	68
1133800	15	3	60
1133800	37	1	39
1133800	59	4	104
1134903	0	2	66
1134903	15	6	69
1134903	37	1	25
1134903	59	13	125
1136673	0	1	40
1136673	15	2	29
1136673	37	0	52
1136673	59	4	115
1138584	0	7	60
1138584	15	0	55
1138584	37	0	32
1138584	59	0	84
1138604	0	13	69
1138604	15	11	51
1138604	37	5	37
1138604	59	18	89
1138645	0	6	48
1138645	15	1	27
1138645	37	0	47
1138645	59	0	93
1139110	0	29	84
1139110	15	37	82
1139110	37	11	39
1139110	59	50	105
1142140	0	2	33
1142140	15	1	53
1142140	37	2	53
1142140	59	8	112
1142357	0	3	16
1142357	15	2	26
1142357	37	3	51
1142357	59	7	97
1142651	0	1	20
1142651	15	1	26
1142651	37	0	41
1142651	59	3	86
1142952	0	1	34
1142952	15	0	37
1142952	37	1	39
1142952	59	0	92
1143187	0	3	37
1143187	15	0	33
1143187	37	1	41
1143187	59	3	110
1144108	0	1	22
1144108	15	2	41
1144108	37	1	46
1144108	59	1	95
1144486	0	2	24
1144486	15	0	48
1144486	37	0	49
1144486	59	4	105
1144591	0	3	30
1144591	15	2	48
1144591	37	0	46
1144591	59	3	84
1147212	0	7	36
1147212	15	0	48
1147212	37	1	34
1147212	59	3	115
1147220	0	1	36
1147220	15	4	43
1147220	37	1	33
1147220	59	5	115
1147271	0	4	25
1147271	15	1	26
1147271	37	2	27
1147271	59	4	87
1148197	0	3	23
1148197	15	3	34
1148197	37	3	59
1148197	59	10	116
1149512	0	2	21
1149512	15	0	48
1149512	37	1	59
1149512	59	4	107
1150485	0	10	59
1150485	15	6	55
1150485	37	0	44
1150485	59	6	98
1150564	0	14	77
1150564	15	19	63
1150564	37	11	24
1150564	59	73	123
1150599	0	8	68
1150599	15	4	69
1150599	37	0	16
1150599	59	0	105
1151593	0	1	18
1151593	15	1	29
1151593	37	1	42
1151593	59	1	96
1151607	0	1	20
1151607	15	1	34
1151607	37	1	44
1151607	59	0	89
1151633	0	5	21
1151633	15	11	39
1151633	37	15	50
1151633	59	18	97
1154049	0	1	70
1154049	15	1	77
1154049	37	0	55
1154049	59	3	95
1154210	0	2	67
1154210	15	1	57
1154210	37	0	31
1154210	59	0	103
1155675	0	1	23
1155675	15	0	41
1155675	37	2	52
1155675	59	5	111
1156212	0	1	65
1156212	15	1	31
1156212	37	3	21
1156212	59	0	102
1156750	0	4	57
1156750	15	1	51
1156750	37	0	32
1156750	59	2	71
1156799	0	9	73
1156799	15	7	41
1156799	37	1	42
1156799	59	3	79
1156826	0	9	69
1156826	15	5	45
1156826	37	1	34
1156826	59	2	64
1156877	0	2	83
1156877	15	0	62
1156877	37	0	19
1156877	59	0	93
1156891	0	13	75
1156891	15	2	63
1156891	37	0	21
1156891	59	5	97
1157184	0	2	88
1157184	15	3	60
1157184	37	0	24
1157184	59	0	69
1157224	0	1	56
1157224	15	0	43
1157224	37	1	22
1157224	59	6	80
1157284	0	4	72
1157284	15	1	60
1157284	37	0	49
1157284	59	4	102
1157672	0	2	56
1157672	15	1	34
1157672	37	4	29
1157672	59	4	90
1157782	0	4	58
1157782	15	2	34
1157782	37	0	26
1157782	59	5	73
1160795	0	1	54
1160795	15	0	60
1160795	37	0	50
1160795	59	0	87
1161224	0	9	69
1161224	15	2	52
1161224	37	2	42
1161224	59	4	109
1162633	0	19	50
1162633	15	20	64
1162633	37	4	37
1162633	59	13	117
1162875	0	5	74
1162875	15	1	53
1162875	37	0	33
1162875	59	0	113
1163165	0	2	52
1163165	15	1	64
1163165	37	0	33
1163165	59	1	85
1163281	0	3	56
1163281	15	1	55
1163281	37	6	45
1163281	59	10	81
1163376	0	5	59
1163376	15	11	71
1163376	37	5	49
1163376	59	10	83
1164228	0	2	57
1164228	15	6	68
1164228	37	0	31
1164228	59	0	109
1168387	0	2	36
1168387	15	2	42
1168387	37	1	52
1168387	59	0	92
1168547	0	2	64
1168547	15	2	64
1168547	37	1	50
1168547	59	0	103
1170142	0	2	45
1170142	15	2	44
1170142	37	1	35
1170142	59	0	80
1171021	0	4	56
1171021	15	0	51
1171021	37	0	50
1171021	59	5	101
1172791	0	4	21
1172791	15	2	31
1172791	37	0	53
1172791	59	1	116
1173026	0	4	21
1173026	15	6	23
1173026	37	5	39
1173026	59	17	81
1176490	0	1	46
1176490	15	2	50
1176490	37	1	32
1176490	59	1	83
1176591	0	4	43
1176591	15	7	61
1176591	37	0	47
1176591	59	4	108
1176923	0	7	26
1176923	15	1	44
1176923	37	3	48
1176923	59	5	104
1176964	0	4	40
1176964	15	1	39
1176964	37	1	31
1176964	59	0	76
1176965	0	5	37
1176965	15	1	30
1176965	37	1	32
1176965	59	0	77
1177121	0	2	42
1177121	15	2	44
1177121	37	0	42
1177121	59	0	99
1177216	0	3	36
1177216	15	2	41
1177216	37	1	34
1177216	59	5	93
1177784	0	2	73
1177784	15	2	63
1177784	37	1	27
1177784	59	2	89
1184246	0	8	46
1184246	15	1	54
1184246	37	1	31
1184246	59	0	96
1184250	0	3	47
1184250	15	1	57
1184250	37	1	32
1184250	59	0	97
1184307	0	1	33
1184307	15	2	63
1184307	37	3	46
1184307	59	0	110
1185361	0	5	60
1185361	15	3	69
1185361	37	1	48
1185361	59	3	89
1185682	0	1	44
1185682	15	4	56
1185682	37	4	55
1185682	59	5	94
1185689	0	5	45
1185689	15	2	54
1185689	37	3	57
1185689	59	1	83
1185975	0	8	58
1185975	15	3	43
1185975	37	1	28
1185975	59	1	96
1186698	0	6	87
1186698	15	1	63
1186698	37	0	39
1186698	59	0	87
1189952	0	6	27
1189952	15	0	45
1189952	37	3	47
1189952	59	10	116
1190136	0	8	35
1190136	15	8	59
1190136	37	4	40
1190136	59	21	122
1190676	0	8	68
1190676	15	0	42
1190676	37	1	40
1190676	59	3	109
1191499	0	6	77
1191499	15	10	93
1191499	37	1	49
1191499	59	4	90
1191630	0	15	73
1191630	15	15	72
1191630	37	5	54
1191630	59	8	87
1192825	0	1	59
1192825	15	1	51
1192825	37	0	43
1192825	59	1	86
1199490	0	3	91
1199490	15	4	78
1199490	37	1	44
1199490	59	3	115
1205061	0	4	46
1205061	15	11	48
1205061	37	3	36
1205061	59	11	67
1206158	0	4	56
1206158	15	5	57
1206158	37	1	45
1206158	59	3	117
1207020	0	1	43
1207020	15	1	51
1207020	37	3	45
1207020	59	4	119
1209975	0	2	79
1209975	15	7	50
1209975	37	4	32
1209975	59	0	101
1210671	0	8	27
1210671	15	2	25
1210671	37	6	37
1210671	59	11	80
1212232	0	3	37
1212232	15	9	35
1212232	37	1	30
1212232	59	2	61
1213687	0	10	35
1213687	15	5	31
1213687	37	4	33
1213687	59	11	47
1213690	0	9	38
1213690	15	5	33
1213690	37	4	35
1213690	59	11	51
1213705	0	8	32
1213705	15	5	41
1213705	37	2	32
1213705	59	10	56
1213710	0	8	31
1213710	15	5	40
1213710	37	3	37
1213710	59	10	56
1213761	0	2	49
1213761	15	2	61
1213761	37	1	49
1213761	59	0	62
1216007	0	11	42
1216007	15	4	44
1216007	37	6	38
1216007	59	10	111
1217869	0	1	29
1217869	15	2	36
1217869	37	0	46
1217869	59	0	104
1218332	0	1	56
1218332	15	2	53
1218332	37	0	39
1218332	59	0	88
1222936	0	14	35
1222936	15	6	32
1222936	37	3	21
1222936	59	3	47
1223867	0	13	85
1223867	15	9	79
1223867	37	2	47
1223867	59	1	84
1227837	0	5	30
1227837	15	2	39
1227837	37	3	38
1227837	59	4	70
1227868	0	6	35
1227868	15	6	44
1227868	37	1	41
1227868	59	5	95
1230362	0	2	95
1230362	15	5	78
1230362	37	0	33
1230362	59	0	59
1230560	0	10	87
1230560	15	1	35
1230560	37	0	54
1230560	59	0	80
1230607	0	13	96
1230607	15	2	50
1230607	37	1	44
1230607	59	0	78
1230901	0	11	75
1230901	15	8	43
1230901	37	2	31
1230901	59	2	72
1232295	0	1	38
1232295	15	1	37
1232295	37	0	36
1232295	59	2	95
1236993	0	7	55
1236993	15	9	53
1236993	37	7	47
1236993	59	16	95
1237490	0	1	23
1237490	15	0	24
1237490	37	2	31
1237490	59	9	99
1246214	0	4	91
1246214	15	3	70
1246214	37	0	52
1246214	59	0	88
1246727	0	1	41
1246727	15	0	17
1246727	37	0	42
1246727	59	0	87
1246911	0	12	59
1246911	15	4	34
1246911	37	0	21
1246911	59	5	88
1247404	0	4	59
1247404	15	5	56
1247404	37	6	50
1247404	59	19	115
1248370	0	2	73
1248370	15	1	79
1248370	37	0	34
1248370	59	0	103
1252975	0	1	36
1252975	15	2	42
1252975	37	1	63
1252975	59	9	114
1254267	0	5	22
1254267	15	2	22
1254267	37	1	35
1254267	59	1	97
1254470	0	4	40
1254470	15	4	36
1254470	37	1	29
1254470	59	6	92
1266477	0	4	22
1266477	15	2	27
1266477	37	0	57
1266477	59	4	109
1266618	0	7	30
1266618	15	5	33
1266618	37	11	53
1266618	59	14	110
1267457	0	5	72
1267457	15	0	55
1267457	37	1	46
1267457	59	0	84
1268294	0	1	32
1268294	15	1	26
1268294	37	1	48
1268294	59	1	84
1268508	0	5	58
1268508	15	4	38
1268508	37	10	50
1268508	59	9	73
1275585	0	2	64
1275585	15	1	62
1275585	37	2	45
1275585	59	0	92
1275692	0	4	30
1275692	15	1	38
1275692	37	1	60
1275692	59	5	97
